0 0 0 0 0 0 -0.38268343236509 0.923879532511287
0.01 0.0707106781192124 -0.0707106776535511 0 0 0 -0.38268343236509 0.923879532511287
0.02 0.141421356238425 -0.141421356238425 0 0 0 -0.38268343236509 0.923879532511287
0.03 0.212132034357637 -0.212132033891976 0 0 0 -0.38268343236509 0.923879532511287
0.04 0.28284271247685 -0.28284271247685 0 0 0 -0.38268343236509 0.923879532511287
0.05 0.353553390596062 -0.353553390130401 0 0 0 -0.38268343236509 0.923879532511287
0.06 0.424264068715274 -0.424264068715274 0 0 0 -0.38268343236509 0.923879532511287
0.07 0.494974746834487 -0.494974746368825 0 0 0 -0.38268343236509 0.923879532511287
0.08 0.565685424953699 -0.565685424953699 0 0 0 -0.38268343236509 0.923879532511287
0.09 0.636396103072912 -0.63639610260725 0 0 0 -0.38268343236509 0.923879532511287
0.1 0.707106781192124 -0.707106781192124 0 0 0 -0.38268343236509 0.923879532511287
0.11 0.777817459311336 -0.777817458845675 0 0 0 -0.38268343236509 0.923879532511287
0.12 0.848528137430549 -0.848528137430549 0 0 0 -0.38268343236509 0.923879532511287
0.13 0.919238815549761 -0.9192388150841 0 0 0 -0.38268343236509 0.923879532511287
0.14 0.989949493668973 -0.989949493668973 0 0 0 -0.38268343236509 0.923879532511287
0.15 1.06066017178819 -1.06066017132252 0 0 0 -0.38268343236509 0.923879532511287
0.16 1.1313708499074 -1.1313708499074 0 0 0 -0.38268343236509 0.923879532511287
0.17 1.20208152802661 -1.20208152756095 0 0 0 -0.38268343236509 0.923879532511287
0.18 1.27279220614582 -1.27279220614582 0 0 0 -0.38268343236509 0.923879532511287
0.19 1.34350288426504 -1.34350288379937 0 0 0 -0.38268343236509 0.923879532511287
0.2 1.41421356238425 -1.41421356238425 0 0 0 -0.38268343236509 0.923879532511287
0.21 1.48492424050346 -1.4849242400378 0 0 0 -0.38268343236509 0.923879532511287
0.22 1.55563491862267 -1.55563491862267 0 0 0 -0.38268343236509 0.923879532511287
0.23 1.62634559674188 -1.62634559627622 0 0 0 -0.38268343236509 0.923879532511287
0.24 1.6970562748611 -1.6970562748611 0 0 0 -0.38268343236509 0.923879532511287
0.25 1.76776695298031 -1.76776695251465 0 0 0 -0.38268343236509 0.923879532511287
0.26 1.83847763109952 -1.83847763109952 0 0 0 -0.38268343236509 0.923879532511287
0.27 1.90918830921873 -1.90918830875307 0 0 0 -0.38268343236509 0.923879532511287
0.28 1.97989898733795 -1.97989898733795 0 0 0 -0.38268343236509 0.923879532511287
0.29 2.05060966545716 -2.0506096649915 0 0 0 -0.38268343236509 0.923879532511287
0.3 2.12132034357637 -2.12132034357637 0 0 0 -0.38268343236509 0.923879532511287
0.31 2.19203102169558 -2.19203102122992 0 0 0 -0.38268343236509 0.923879532511287
0.32 2.2627416998148 -2.2627416998148 0 0 0 -0.38268343236509 0.923879532511287
0.33 2.33345237793401 -2.33345237746835 0 0 0 -0.38268343236509 0.923879532511287
0.34 2.40416305605322 -2.40416305605322 0 0 0 -0.38268343236509 0.923879532511287
0.35 2.47487373417243 -2.47487373370677 0 0 0 -0.38268343236509 0.923879532511287
0.36 2.54558441229165 -2.54558441229165 0 0 0 -0.38268343236509 0.923879532511287
0.37 2.61629509041086 -2.6162950899452 0 0 0 -0.38268343236509 0.923879532511287
0.38 2.68700576853007 -2.68700576853007 0 0 0 -0.38268343236509 0.923879532511287
0.39 2.75771644664928 -2.75771644618362 0 0 0 -0.38268343236509 0.923879532511287
0.4 2.8284271247685 -2.8284271247685 0 0 0 -0.38268343236509 0.923879532511287
0.41 2.89913780288771 -2.89913780242205 0 0 0 -0.38268343236509 0.923879532511287
0.42 2.96984848100692 -2.96984848100692 0 0 0 -0.38268343236509 0.923879532511287
0.43 3.04055915912613 -3.04055915866047 0 0 0 -0.38268343236509 0.923879532511287
0.44 3.11126983724535 -3.11126983724535 0 0 0 -0.38268343236509 0.923879532511287
0.45 3.18198051536456 -3.1819805148989 0 0 0 -0.38268343236509 0.923879532511287
0.46 3.25269119348377 -3.25269119348377 0 0 0 -0.38268343236509 0.923879532511287
0.47 3.32340187160298 -3.32340187113732 0 0 0 -0.38268343236509 0.923879532511287
0.48 3.39411254972219 -3.39411254972219 0 0 0 -0.38268343236509 0.923879532511287
0.49 3.46482322784141 -3.46482322737575 0 0 0 -0.38268343236509 0.923879532511287
0.5 3.53553390596062 -3.53553390596062 0 0 0 -0.38268343236509 0.923879532511287
0.51 3.60624458407983 -3.60624458361417 0 0 0 -0.38268343236509 0.923879532511287
0.52 3.67695526219904 -3.67695526219904 0 0 0 -0.38268343236509 0.923879532511287
0.53 3.74766594031826 -3.7476659398526 0 0 0 -0.38268343236509 0.923879532511287
0.54 3.81837661843747 -3.81837661843747 0 0 0 -0.38268343236509 0.923879532511287
0.55 3.88908729655668 -3.88908729609102 0 0 0 -0.38268343236509 0.923879532511287
0.56 3.95979797467589 -3.95979797467589 0 0 0 -0.38268343236509 0.923879532511287
0.57 4.03050865279511 -4.03050865232944 0 0 0 -0.38268343236509 0.923879532511287
0.58 4.10121933091432 -4.10121933091432 0 0 0 -0.38268343236509 0.923879532511287
0.59 4.17193000903353 -4.17193000856787 0 0 0 -0.38268343236509 0.923879532511287
0.6 4.24264068715274 -4.24264068715274 0 0 0 -0.38268343236509 0.923879532511287
0.61 4.31335136527196 -4.31335136480629 0 0 0 -0.38268343236509 0.923879532511287
0.62 4.38406204339117 -4.38406204339117 0 0 0 -0.38268343236509 0.923879532511287
0.63 4.45477272151038 -4.45477272104472 0 0 0 -0.38268343236509 0.923879532511287
0.64 4.52548339962959 -4.52548339962959 0 0 0 -0.38268343236509 0.923879532511287
0.65 4.59619407774881 -4.59619407728314 0 0 0 -0.38268343236509 0.923879532511287
0.66 4.66690475586802 -4.66690475586802 0 0 0 -0.38268343236509 0.923879532511287
0.67 4.73761543398723 -4.73761543352157 0 0 0 -0.38268343236509 0.923879532511287
0.68 4.80832611210644 -4.80832611210644 0 0 0 -0.38268343236509 0.923879532511287
0.69 4.87903679022565 -4.87903678975999 0 0 0 -0.38268343236509 0.923879532511287
0.7 4.94974746834487 -4.94974746834487 0 0 0 -0.38268343236509 0.923879532511287
0.71 5.02045814646408 -5.02045814599842 0 0 0 -0.38268343236509 0.923879532511287
0.72 5.09116882458329 -5.09116882458329 0 0 0 -0.38268343236509 0.923879532511287
0.73 5.1618795027025 -5.16187950223684 0 0 0 -0.38268343236509 0.923879532511287
0.74 5.23259018082172 -5.23259018082172 0 0 0 -0.38268343236509 0.923879532511287
0.75 5.30330085894093 -5.30330085847527 0 0 0 -0.38268343236509 0.923879532511287
0.76 5.37401153706014 -5.37401153706014 0 0 0 -0.38268343236509 0.923879532511287
0.77 5.44472221517935 -5.44472221471369 0 0 0 -0.38268343236509 0.923879532511287
0.78 5.51543289329857 -5.51543289329857 0 0 0 -0.38268343236509 0.923879532511287
0.79 5.58614357141778 -5.58614357095212 0 0 0 -0.38268343236509 0.923879532511287
0.8 5.65685424953699 -5.65685424953699 0 0 0 -0.38268343236509 0.923879532511287
0.81 5.7275649276562 -5.72756492719054 0 0 0 -0.38268343236509 0.923879532511287
0.82 5.79827560577542 -5.79827560577542 0 0 0 -0.38268343236509 0.923879532511287
0.83 5.86898628389463 -5.86898628342897 0 0 0 -0.38268343236509 0.923879532511287
0.84 5.93969696201384 -5.93969696201384 0 0 0 -0.38268343236509 0.923879532511287
0.85 6.01040764013305 -6.01040763966739 0 0 0 -0.38268343236509 0.923879532511287
0.86 6.08111831825227 -6.08111831825227 0 0 0 -0.38268343236509 0.923879532511287
0.87 6.15182899637148 -6.15182899590582 0 0 0 -0.38268343236509 0.923879532511287
0.88 6.22253967449069 -6.22253967449069 0 0 0 -0.38268343236509 0.923879532511287
0.89 6.2932503526099 -6.29325035214424 0 0 0 -0.38268343236509 0.923879532511287
0.9 6.36396103072912 -6.36396103072912 0 0 0 -0.38268343236509 0.923879532511287
0.91 6.43467170884833 -6.43467170838267 0 0 0 -0.38268343236509 0.923879532511287
0.92 6.50538238696754 -6.50538238696754 0 0 0 -0.38268343236509 0.923879532511287
0.93 6.57609306508675 -6.57609306462109 0 0 0 -0.38268343236509 0.923879532511287
0.94 6.64680374320596 -6.64680374320596 0 0 0 -0.38268343236509 0.923879532511287
0.95 6.71751442132518 -6.71751442085952 0 0 0 -0.38268343236509 0.923879532511287
0.96 6.78822509944439 -6.78822509944439 0 0 0 -0.38268343236509 0.923879532511287
0.97 6.8589357775636 -6.85893577709794 0 0 0 -0.38268343236509 0.923879532511287
0.98 6.92964645568281 -6.92964645568281 0 0 0 -0.38268343236509 0.923879532511287
0.99 7.00035713380203 -7.00035713333637 0 0 0 -0.38268343236509 0.923879532511287
1 7.07106781192124 -7.07106781192124 0 0 0 -0.38268343236509 0.923879532511287
1.01 7.14177849004045 -7.14177848957479 0 0 0 -0.38256249353884 0.923929617740088
1.02 7.21250767773017 -7.21247065346688 0 0 0 -0.382332691711366 0.924024736058912
1.03 7.28327202005312 -7.28312762640417 0 0 0 -0.38200488081769 0.924160305916383
1.04 7.3540864745155 -7.35373437590897 0 0 0 -0.381588818381858 0.924332177134355
1.05 7.42496446939185 -7.42427734099329 0 0 0 -0.381093277779853 0.924536593992368
1.06 7.49591805180535 -7.4947442766279 0 0 0 -0.380526148735924 0.92477016070384
1.07 7.56695802183822 -7.56512412242591 0 0 0 -0.379894527333501 0.925029809304574
1.08 7.63809405174106 -7.63540687505156 0 0 0 -0.379204796674432 0.925312769921124
1.09 7.70933479582891 -7.70558348298073 0 0 0 -0.378462699190982 0.925616543348851
1.1 7.78068799292669 -7.77564575057477 0 0 0 -0.37767340150154 0.925938875843463
1.11 7.8521605534479 -7.84558624681085 0 0 0 -0.376841552601157 0.926277736012881
1.12 7.92375864228234 -7.9153982354328 0 0 0 -0.375971336090215 0.926631293686188
1.13 7.99548775330186 -7.98507559671998 0 0 0 -0.37506651706703 0.926997900631499
1.14 8.067352774553 -8.05461277067661 0 0 0 -0.374130484241866 0.927376072993555
1.15 8.13935805065557 -8.12400470301509 0 0 0 -0.373166287769324 0.927764475323593
1.16 8.21150743542239 -8.19324678834528 0 0 0 -0.372176673242624 0.928161906077842
1.17 8.28380433982238 -8.26233483012766 0 0 0 -0.371164112245801 0.928567284466121
1.18 8.35625178040937 -8.33126500062644 0 0 0 -0.37013082981778 0.928979638538112
1.19 8.42885241424665 -8.40003380086273 0 0 0 -0.369078829144893 0.929398094401444
1.2 8.50160857755691 -8.46863803360611 0 0 0 -0.368009913765104 0.929821866472606
1.21 8.57452231831849 -8.5370747661218 0 0 0 -0.366925707537607 0.930250248668618
1.22 8.64759542327374 -8.6053413124755 0 0 0 -0.365827672605053 0.930682606454193
1.23 8.72082944633439 -8.67343520279974 0 0 0 -0.364717125552097 0.931118369665756
1.24 8.79422573000193 -8.74135416559875 0 0 0 -0.363595251942939 0.931557026040033
1.25 8.86778542818502 -8.80909610819072 0 0 0 -0.362463119401726 0.931998115380911
1.26 8.94150952575728 -8.87665909714997 0 0 0 -0.361321689382877 0.932441224303979
1.27 9.0153988529928 -8.94404134433717 0 0 0 -0.360171827763381 0.932885981503413
1.28 9.08945410419255 -9.01124119479209 0 0 0 -0.359014314375605 0.933332053490832
1.29 9.16367584839463 -9.07825710810721 0 0 0 -0.357849851587151 0.933779140760305
1.3 9.23806454520673 -9.14508765377104 0 0 0 -0.356679072023427 0.934226974337879
1.31 9.31262055318803 -9.2117314953357 0 0 0 -0.355502545518961 0.934675312677905
1.32 9.3873441410251 -9.27818738576025 0 0 0 -0.354320785374754 0.935123938871965
1.33 9.46223549731076 -9.34445415530354 0 0 0 -0.353134253991168 0.935572658139442
1.34 9.53729473706335 -9.41053070593625 0 0 0 -0.351943367938873 0.936021295571764
1.35 9.61252191010863 -9.47641600389034 0 0 0 -0.350748502524028 0.936469694105021
1.36 9.68791700806469 -9.5421090722084 0 0 0 -0.349549995898286 0.936917712698137
1.37 9.76347996806726 -9.60760898888111 0 0 0 -0.348348152759082 0.937365224695975
1.38 9.83921068068594 -9.67291487753391 0 0 0 -0.347143247681125 0.937812116358816
1.39 9.91510899411514 -9.73802590649575 0 0 0 -0.345935528115919 0.938258285541439
1.4 9.99117471603677 -9.80294128134847 0 0 0 -0.344725217092435 0.938703640506722
1.41 10.0674076210707 -9.86766024492681 0 0 0 -0.343512515648743 0.93914809886017
1.42 10.1438074512407 -9.93218206986785 0 0 0 -0.342297605021449 0.939591586593122
1.43 10.2203739210963 -9.9965060595423 0 0 0 -0.341080648617064 0.940034037223633
1.44 10.2971067195758 -10.0606315433979 0 0 0 -0.33986179378707 0.940475391025111
1.45 10.3740055118687 -10.1245578741655 0 0 0 -0.33864117342622 0.940915594333792
1.46 10.4510699426755 -10.1882844269276 0 0 0 -0.337418907411705 0.941354598927042
1.47 10.5282996390015 -10.2518105944619 0 0 0 -0.336195103899028 0.941792361465266
1.48 10.6056942092255 -10.3151357909665 0 0 0 -0.334969860488872 0.942228842990951
1.49 10.6832532477565 -10.378259443678 0 0 0 -0.333743265277801 0.942664008479008
1.5 10.7609763345681 -10.4411809965968 0 0 0 -0.332515397804366 0.943097826433188
1.51 10.8388630365953 -10.5038999067619 0 0 0 -0.331286329901034 0.943530268523858
1.52 10.9169129100628 -10.5664156423882 0 0 0 -0.330056126461312 0.943961309262914
1.53 10.995125500951 -10.6287276847288 0 0 0 -0.328824846130517 0.944390925712039
1.54 11.0735003449954 -10.6908355252817 0 0 0 -0.327592541927787 0.944819097220887
1.55 11.1520369700156 -10.7527386629954 0 0 0 -0.326359261806181 0.945245805192134
1.56 11.2307348963805 -10.8144366079941 0 0 0 -0.325125049157026 0.94567103287065
1.57 11.3095936370082 -10.8759288759902 0 0 0 -0.323889943264073 0.946094765154313
1.58 11.3886126978323 -10.9372149920091 0 0 0 -0.322653979712447 0.946516988424254
1.59 11.4677915796638 -10.9982944866642 0 0 0 -0.321417190756886 0.946937690392537
1.6 11.5471297777258 -11.0591668970883 0 0 0 -0.320179605653341 0.947356859965489
1.61 11.6266267816536 -11.1198317660019 0 0 0 -0.318941250957565 0.947774487121079
1.62 11.7062820773572 -11.1802886426449 0 0 0 -0.31770215079398 0.948190562798892
1.63 11.7860951460898 -11.2405370781198 0 0 0 -0.316462327097788 0.948605078801422
1.64 11.8660654653795 -11.3005766328424 0 0 0 -0.315221799832986 0.949018027705508
1.65 11.9461925085634 -11.3604068672284 0 0 0 -0.313980587188672 0.94942940278288
1.66 12.0264757466502 -11.4200273472816 0 0 0 -0.312738705755821 0.949839197928878
1.67 12.1069146473892 -11.4794376436621 0 0 0 -0.311496170686459 0.950247407598501
1.68 12.1875086743385 -11.5386373288929 0 0 0 -0.310252995837002 0.95065402674904
1.69 12.2682572901249 -11.597625981085 0 0 0 -0.309009193897314 0.95105905078861
1.7 12.3491599536501 -11.6564031792805 0 0 0 -0.307764776506929 0.951462475529981
1.71 12.430216121953 -11.7149685062468 0 0 0 -0.306519754359706 0.951864297149161
1.72 12.5114252502099 -11.7733215484768 0 0 0 -0.305274137298054 0.952264512148242
1.73 12.5927867903374 -11.8314618943259 0 0 0 -0.304027934397791 0.952663117322074
1.74 12.674300193321 -11.8893891340122 0 0 0 -0.302781154044546 0.95306010972837
1.75 12.7559649078175 -11.9471028614789 0 0 0 -0.30153380400256 0.953455486660885
1.76 12.8377803810872 -12.0046026734635 0 0 0 -0.300285891476639 0.953849245625366
1.77 12.9197460575961 -12.0618881685659 0 0 0 -0.299037423167935 0.954241384317973
1.78 13.0018613813445 -12.1189589453861 0 0 0 -0.297788405324177 0.954631900605927
1.79 13.0841257944703 -12.1758146071807 0 0 0 -0.2965388437849 0.95502079251015
1.8 13.1665387377143 -12.2324547600001 0 0 0 -0.295288744022174 0.955408058189697
1.81 13.2490996490233 -12.2888790089637 0 0 0 -0.294038111177269 0.95579369592779
1.82 13.3318079668097 -12.345086962916 0 0 0 -0.292786950093685 0.956177704119291
1.83 13.4146631271578 -12.4010782344267 0 0 0 -0.291535265346876 0.956560081259472
1.84 13.4976645652205 -12.4568524332717 0 0 0 -0.290283061271025 0.956940825933935
1.85 13.5808117138222 -12.5124091757461 0 0 0 -0.289030341983156 0.957319936809581
1.86 13.6641040062532 -12.5677480781451 0 0 0 -0.287777111404832 0.957697412626499
1.87 13.7475408730097 -12.6228687567636 0 0 0 -0.286523373281703 0.958073252190705
1.88 13.8311217441224 -12.6777708325535 0 0 0 -0.285269131201105 0.958447454367618
1.89 13.9148460486904 -12.7324539273977 0 0 0 -0.284014388607907 0.958820018076217
1.9 13.9987132144161 -12.7869176631793 0 0 0 -0.282759148818773 0.9591909422838
1.91 14.082722667139 -12.841161666438 0 0 0 -0.281503415035015 0.959560226001278
1.92 14.1668738326989 -12.895185562782 0 0 0 -0.280247190354158 0.959927868278966
1.93 14.2511661350727 -12.9489889796823 0 0 0 -0.278990477780355 0.960293868202796
1.94 14.3355989977717 -13.0025715492666 0 0 0 -0.277733280233762 0.960658224890931
1.95 14.4201718424447 -13.0559329008684 0 0 0 -0.276475600558986 0.961020937490723
1.96 14.5048840912059 -13.1090726694092 0 0 0 -0.275217441532686 0.961382005175987
1.97 14.5897351629101 -13.1619904888794 0 0 0 -0.273958805870415 0.961741427144561
1.98 14.6747244778089 -13.2146859951317 0 0 0 -0.272699696232787 0.962099202616105
1.99 14.7598514528945 -13.2671588268131 0 0 0 -0.271440115231021 0.962455330830148
2 14.8451155056246 -13.319408624433 0 0 0 -0.270180065431944 0.962809811044316
2.01 14.9305160520598 -13.3714350275695 0 0 0 -0.268919549362482 0.963162642532755
2.02 15.0160525073297 -13.4232376804575 0 0 0 -0.267658569513714 0.963513824584719
2.03 15.1017242851667 -13.4748162273318 0 0 0 -0.266397128344516 0.963863356503294
2.04 15.1875307993032 -13.5261703133583 0 0 0 -0.265135228284844 0.964211237604263
2.05 15.2734714611433 -13.5772995864972 0 0 0 -0.26387287173869 0.964557467215083
2.06 15.3595456830226 -13.6282036965713 0 0 0 -0.262610061086742 0.964902044673975
2.07 15.4457528740168 -13.6788822934031 0 0 0 -0.261346798688779 0.965244969329096
2.08 15.532092444133 -13.7293350296095 0 0 0 -0.260083086885827 0.965586240537809
2.09 15.6185638019815 -13.7795615596697 0 0 0 -0.258818928002102 0.965925857666023
2.1 15.7051663543098 -13.8295615389943 0 0 0 -0.257554324346755 0.966263820087602
2.11 15.791899508331 -13.8793346239254 0 0 0 -0.256289278215446 0.966600127183835
2.12 15.8787626693957 -13.9288804735988 0 0 0 -0.255023791891761 0.966934778342959
2.13 15.9657552423887 -13.9781987480819 0 0 0 -0.253757867648485 0.967267772959739
2.14 16.0528766317293 -14.0272891093045 0 0 0 -0.25249150774875 0.967599110435082
2.15 16.1401262390427 -14.0761512210593 0 0 0 -0.251224714447068 0.967928790175697
2.16 16.2275034678169 -14.1247847480699 0 0 0 -0.249957489990259 0.968256811593789
2.17 16.31500771828 -14.1731893569231 0 0 0 -0.248689836618289 0.968583174106782
2.18 16.4026383915916 -14.2213647151366 0 0 0 -0.247421756565021 0.968907877137078
2.19 16.4903948861174 -14.2693104930222 0 0 0 -0.246153252058894 0.969230920111833
2.2 16.57827660162 -14.3170263608918 0 0 0 -0.244884325323532 0.96955230246276
2.21 16.666282935068 -14.3645119937137 0 0 0 -0.243614978578292 0.969872023625952
2.22 16.75441328343 -14.4117670636624 0 0 0 -0.242345214038756 0.970190083041725
2.23 16.8426670427434 -14.4587912485003 0 0 0 -0.241075033917181 0.970506480154476
2.24 16.9310436085798 -14.5055842250586 0 0 0 -0.239804440422889 0.970821214412554
2.25 17.0195423746482 -14.5521456729621 0 0 0 -0.238533435762633 0.971134285268147
2.26 17.1081627346575 -14.5984752727672 0 0 0 -0.237262022140918 0.971445692177181
2.27 17.1969040813856 -14.6445727059618 0 0 0 -0.235990201760293 0.971755434599229
2.28 17.285765806213 -14.6904376586899 0 0 0 -0.234717976821607 0.972063511997427
2.29 17.3747473005205 -14.736069814302 0 0 0 -0.23344534952425 0.972369923838402
2.3 17.4638479542919 -14.7814688617364 0 0 0 -0.23217232206636 0.97267466959221
2.31 17.5530671565793 -14.8266344889998 0 0 0 -0.230898896645015 0.972977748732269
2.32 17.6424042964354 -14.8715663868934 0 0 0 -0.229625075456401 0.973279160735317
2.33 17.7318587615155 -14.9162642471492 0 0 0 -0.228350860695966 0.973578905081356
2.34 17.8214299385436 -14.9607277633622 0 0 0 -0.227076254558558 0.973876981253616
2.35 17.9111172133125 -15.0049566309899 0 0 0 -0.225801259238548 0.974173388738517
2.36 18.0009199716151 -15.0489505464211 0 0 0 -0.224525876929941 0.974468127025631
2.37 18.090837597847 -15.0927092088386 0 0 0 -0.223250109826472 0.974761195607657
2.38 18.1808694754727 -15.1362323174253 0 0 0 -0.221973960121701 0.975052593980391
2.39 18.2710149874911 -15.1795195741579 0 0 0 -0.220697430009087 0.975342321642706
2.4 18.3612735164352 -15.2225706828758 0 0 0 -0.219420521682062 0.975630378096527
2.41 18.4516444434412 -15.2653853483498 0 0 0 -0.218143237334096 0.975916762846812
2.42 18.5421271491796 -15.3079632772133 0 0 0 -0.216865579158751 0.976201475401538
2.43 18.6327210133895 -15.3503041770309 0 0 0 -0.215587549349737 0.976484515271684
2.44 18.7234254148789 -15.3924077572301 0 0 0 -0.214309150100951 0.976765881971216
2.45 18.8142397324555 -15.4342737309635 0 0 0 -0.213030383606523 0.977045575017081
2.46 18.9051633435301 -15.475901809521 0 0 0 -0.211751252060851 0.977323593929187
2.47 18.9961956250481 -15.517291707918 0 0 0 -0.210471757658632 0.977599938230402
2.48 19.0873359530233 -15.5584431439638 0 0 0 -0.209191902594892 0.977874607446542
2.49 19.1785837025382 -15.5993558336049 0 0 0 -0.207911689065012 0.978147601106364
2.5 19.2699382486753 -15.6400294974446 0 0 0 -0.206631119264748 0.978418918741557
2.51 19.3613989646547 -15.6804638570175 0 0 0 -0.205350195390253 0.978688559886742
2.52 19.4529652241617 -15.720658633858 0 0 0 -0.204068919638095 0.978956524079461
2.53 19.5446363990195 -15.7606135541573 0 0 0 -0.202787294205271 0.979222810860176
2.54 19.6364118619822 -15.8003283431754 0 0 0 -0.20150532128922 0.979487419772265
2.55 19.7282909830101 -15.8398027289659 0 0 0 -0.200223003087837 0.979750350362014
2.56 19.8202731329948 -15.879036440514 0 0 0 -0.198940341799481 0.98001160217862
2.57 19.9123576809652 -15.9180292086676 0 0 0 -0.197657339622988 0.980271174774186
2.58 20.0045439959504 -15.9567807670683 0 0 0 -0.196373998757671 0.980529067703718
2.59 20.0968314465135 -15.9952908502892 0 0 0 -0.195090321403335 0.980785280525123
2.6 20.189219399821 -16.0335591929033 0 0 0 -0.193806309760276 0.981039812799207
2.61 20.2817072225735 -16.0715855341405 0 0 0 -0.192521966029288 0.981292664089678
2.62 20.3742942814715 -16.1093696132302 0 0 0 -0.191237292411668 0.981543833963137
2.63 20.4669799408875 -16.1469111703336 0 0 0 -0.189952291109217 0.981793321989083
2.64 20.5597635661252 -16.1842099484056 0 0 0 -0.188666964324243 0.98204112773991
2.65 20.6526445215568 -16.2212656913325 0 0 0 -0.187381314259562 0.982287250790908
2.66 20.7456221701577 -16.2580781467259 0 0 0 -0.1860953431185 0.982531690720258
2.67 20.8386958749034 -16.294647061266 0 0 0 -0.184809053104892 0.982774447109037
2.68 20.9318649978377 -16.3309721844271 0 0 0 -0.183522446423087 0.983015519541215
2.69 21.0251289000735 -16.3670532666147 0 0 0 -0.182235525277941 0.983254907603655
2.7 21.1184869427234 -16.4028900619596 0 0 0 -0.18094829187482 0.983492610886114
2.71 21.2119384859689 -16.4384823236614 0 0 0 -0.179660748419602 0.983728628981239
2.72 21.3054828890599 -16.4738298077136 0 0 0 -0.178372897118667 0.983962961484574
2.73 21.399119510781 -16.5089322729036 0 0 0 -0.177084740178908 0.984195607994553
2.74 21.4928477099165 -16.5437894770876 0 0 0 -0.175796279807717 0.984426568112506
2.75 21.5866668433882 -16.5784011827782 0 0 0 -0.174507518212991 0.984655841442655
2.76 21.6805762685835 -16.6127671524882 0 0 0 -0.173218457603129 0.984883427592115
2.77 21.7745753419586 -16.6468871505931 0 0 0 -0.171929100187026 0.985109326170897
2.78 21.8686634185724 -16.6807609423995 0 0 0 -0.170639448174075 0.985333536791906
2.79 21.9628398544155 -16.7143882960081 0 0 0 -0.16934950377416 0.985556059070942
2.8 22.0571040036157 -16.7477689823136 0 0 0 -0.168059269197659 0.985776892626698
2.81 22.151455219835 -16.7809027712792 0 0 0 -0.166768746655435 0.985996037080766
2.82 22.2458928572014 -16.8137894356623 0 0 0 -0.165477938358838 0.986213492057632
2.83 22.3404162675142 -16.8464287510142 0 0 0 -0.1641868465197 0.986429257184678
2.84 22.4350248030387 -16.878820492886 0 0 0 -0.162895473350333 0.986643332092186
2.85 22.5297178160399 -16.9109644396231 0 0 0 -0.161603821063522 0.986855716413331
2.86 22.6244946573861 -16.9428603705019 0 0 0 -0.160311891872528 0.98706640978419
2.87 22.7193546765484 -16.9745080666617 0 0 0 -0.15901968799108 0.987275411843736
2.88 22.814297224395 -17.0059073120356 0 0 0 -0.157727211633375 0.987482722233843
2.89 22.9093216499314 -17.0370578914881 0 0 0 -0.15643446501407 0.987688340599281
2.9 23.0044273012318 -17.067959590815 0 0 0 -0.155141450348284 0.987892266587724
2.91 23.0996135273017 -17.0986121986061 0 0 0 -0.153848169851591 0.988094499849744
2.92 23.1948796757497 -17.1290155053139 0 0 0 -0.152554625740018 0.988295040038815
2.93 23.2902250927873 -17.1591693013906 0 0 0 -0.151260820230041 0.988493886811312
2.94 23.3856491255574 -17.1890733800828 0 0 0 -0.149966755538582 0.988691039826513
2.95 23.4811511202715 -17.2187275374308 0 0 0 -0.148672433883004 0.988886498746597
2.96 23.5767304217443 -17.2481315704063 0 0 0 -0.147377857481108 0.989080263236649
2.97 23.6723863752559 -17.2772852759808 0 0 0 -0.146083028551132 0.989272332964654
2.98 23.7681183246896 -17.3061884557828 0 0 0 -0.144787949311744 0.989462707601504
2.99 23.8639256148599 -17.3348409114406 0 0 0 -0.143492621982039 0.989651386820996
3 23.9598075882532 -17.3632424455136 0 0 0 -0.142197048781537 0.989838370299829
3.01 24.0557635882869 -17.3913928642869 0 0 0 -0.140901231930176 0.990023657717612
3.02 24.1517929565161 -17.4192919749767 0 0 0 -0.139605173648313 0.990207248756857
3.03 24.2478950358927 -17.4469395866618 0 0 0 -0.138308876156717 0.990389143102986
3.04 24.3440691665746 -17.4743355084211 0 0 0 -0.137012341676565 0.990569340444325
3.05 24.4403146905825 -17.5014795530587 0 0 0 -0.135715572429441 0.99074784047211
3.06 24.5366309471428 -17.5283715352416 0 0 0 -0.134418570637329 0.990924642880485
3.07 24.6330172764137 -17.5550112696365 0 0 0 -0.133121338522611 0.991099747366504
3.08 24.7294730185531 -17.5813985746354 0 0 0 -0.131823878308065 0.991273153630129
3.09 24.8259975113906 -17.6075332695618 0 0 0 -0.130526192216858 0.991444861374231
3.1 24.9225900941528 -17.6334151737392 0 0 0 -0.129228282472542 0.991614870304594
3.11 25.0192501042038 -17.6590441111475 0 0 0 -0.127930151299056 0.991783180129912
3.12 25.1159768798389 -17.6844199057668 0 0 0 -0.126631800920714 0.991949790561789
3.13 25.2127697570249 -17.7095423834398 0 0 0 -0.125333233562206 0.992114701314743
3.14 25.3096280731261 -17.7344113718718 0 0 0 -0.124034451448597 0.992277912106203
3.15 25.4065511641093 -17.7590267015621 0 0 0 -0.122735456805315 0.992439422656512
3.16 25.5035383654758 -17.7833882020786 0 0 0 -0.121436251858154 0.992599232688925
3.17 25.6005890131928 -17.8074957085773 0 0 0 -0.120136838833269 0.992757341929612
3.18 25.6977024408989 -17.8313490543514 0 0 0 -0.118837219957171 0.992913750107657
3.19 25.7948779840954 -17.8549480764195 0 0 0 -0.117537397456721 0.993068456955058
3.2 25.8921149759553 -17.8782926127315 0 0 0 -0.116237373559133 0.99322146220673
3.21 25.9894127505831 -17.9013825030997 0 0 0 -0.114937150491962 0.993372765600501
3.22 26.0867706406862 -17.9242175901309 0 0 0 -0.113636730483107 0.993522366877118
3.23 26.1841879794374 -17.9467977173626 0 0 0 -0.112336115760802 0.993670265780241
3.24 26.2816640990786 -17.9691227283329 0 0 0 -0.111035308553618 0.993816462056452
3.25 26.3791983309202 -17.9911924721673 0 0 0 -0.109734311090451 0.993960955455245
3.26 26.4767900072038 -18.013006796129 0 0 0 -0.108433125600527 0.994103745729036
3.27 26.5744384587742 -18.0345655512065 0 0 0 -0.107131754313392 0.994244832633157
3.28 26.6721430160105 -18.0558685902506 0 0 0 -0.105830199458911 0.99438421592586
3.29 26.7699030097574 -18.0769157661125 0 0 0 -0.104528463267263 0.994521895368314
3.3 26.8677177699283 -18.0977069353685 0 0 0 -0.103226547968938 0.994657870724611
3.31 26.9655866259709 -18.1182419545949 0 0 0 -0.101924455794734 0.994792141761759
3.32 27.0635089068674 -18.1385206840932 0 0 0 -0.100622188975748 0.994924708249689
3.33 27.1614839420654 -18.1585429850966 0 0 0 -0.0993197497433823 0.995055569961252
3.34 27.2595110596158 -18.1783087188378 0 0 0 -0.0980171403293296 0.99518472667222
3.35 27.3575895875692 -18.1978177512065 0 0 0 -0.096714362965576 0.995312178161286
3.36 27.4557188539766 -18.2170699480921 0 0 0 -0.0954114198843956 0.995437924210065
3.37 27.5538981859572 -18.2360651772469 0 0 0 -0.0941083133183458 0.995561964603096
3.38 27.6521269110963 -18.2548033082858 0 0 0 -0.0928050455002646 0.995684299127838
3.39 27.7504043560475 -18.2732842136174 0 0 0 -0.0915016186632658 0.995804927574674
3.4 27.8487298465334 -18.2915077665821 0 0 0 -0.0901980350407363 0.995923849736911
3.41 27.9471027096733 -18.3094738414511 0 0 0 -0.0888942968663307 0.996041065410779
3.42 28.0455222702585 -18.32718231529 0 0 0 -0.0875904063739697 0.996156574395432
3.43 28.143987854477 -18.3446330670267 0 0 0 -0.0862863657978335 0.996270376492949
3.44 28.24249878712 -18.3618259774521 0 0 0 -0.0849821773723607 0.996382471508332
3.45 28.3410543929785 -18.3787609273568 0 0 0 -0.0836778433322426 0.99649285924951
3.46 28.4396539968438 -18.3954378021881 0 0 0 -0.0823733659124199 0.996601539527337
3.47 28.5382969225757 -18.4118564864621 0 0 0 -0.0810687473480797 0.996708512155592
3.48 28.6369824940339 -18.4280168693513 0 0 0 -0.0797639898746499 0.996813776950979
3.49 28.7357100350782 -18.4439188381657 0 0 0 -0.0784590957277971 0.996917333733132
3.5 28.8344788695686 -18.4595622839406 0 0 0 -0.0771540671434221 0.997019182324607
3.51 28.933288319502 -18.4749471014366 0 0 0 -0.0758489063576552 0.997119322550891
3.52 29.0321377078071 -18.4900731835514 0 0 0 -0.0745436156068544 0.997217754240395
3.53 29.131026357878 -18.5049404269084 0 0 0 -0.0732381971276001 0.99731447722446
3.54 29.2299535912462 -18.5195487290621 0 0 0 -0.071932653156691 0.997409491337354
3.55 29.3289187299088 -18.5338979912922 0 0 0 -0.070626985931141 0.997502796416272
3.56 29.427921095863 -18.5479881148785 0 0 0 -0.0693211976881758 0.997594392301339
3.57 29.5269600101747 -18.5618190020323 0 0 0 -0.0680152906652275 0.997684278835607
3.58 29.6260347939096 -18.5753905596212 0 0 0 -0.0667092670999322 0.997772455865058
3.59 29.7251447685994 -18.5887026935816 0 0 0 -0.0654031292301261 0.997858923238605
3.6 29.8242892548442 -18.6017553126439 0 0 0 -0.0640968792938409 0.997943680808086
3.61 29.9234675727785 -18.6145483283326 0 0 0 -0.0627905195292997 0.998026728428272
3.62 30.0226790430024 -18.6270816512406 0 0 0 -0.0614840521749149 0.998108065956864
3.63 30.1219229851849 -18.6393551966175 0 0 0 -0.0601774794692826 0.998187693254492
3.64 30.2211987194605 -18.6513688806444 0 0 0 -0.0588708036511792 0.998265610184716
3.65 30.3205055650324 -18.6631226204336 0 0 0 -0.0575640269595584 0.998341816614029
3.66 30.4198428415693 -18.6746163358912 0 0 0 -0.0562571516335465 0.998416312411852
3.67 30.5192098682746 -18.6858499469236 0 0 0 -0.0549501799124388 0.998489097450538
3.68 30.6186059638858 -18.6968233780935 0 0 0 -0.0536431140356952 0.998560171605374
3.69 30.7180304471403 -18.707536553964 0 0 0 -0.0523359562429379 0.998629534754574
3.7 30.8174826367758 -18.7179894000292 0 0 0 -0.0510287087739462 0.998697186779288
3.71 30.9169618505985 -18.7281818455085 0 0 0 -0.049721373868653 0.998763127563595
3.72 31.0164674078114 -18.7381138205528 0 0 0 -0.048413953767141 0.998827356994507
3.73 31.1159986257553 -18.7477852571756 0 0 0 -0.0471064507096388 0.99888987496197
3.74 31.2155548222363 -18.7571960883215 0 0 0 -0.0457988669365175 0.99895068135886
3.75 31.3151353150606 -18.7663462497294 0 0 0 -0.044491204688286 0.999009776080988
3.76 31.4147394215688 -18.7752356799319 0 0 0 -0.0431834662055881 0.999067159027095
3.77 31.5143664591014 -18.7838643165305 0 0 0 -0.0418756537291975 0.999122830098858
3.78 31.6140157449991 -18.7922321008518 0 0 0 -0.0405677695000157 0.999176789200887
3.79 31.7136865961365 -18.8003389751539 0 0 0 -0.0392598157590666 0.999229036240723
3.8 31.8133783293888 -18.8081848854199 0 0 0 -0.0379517947474934 0.999279571128843
3.81 31.9130902616307 -18.8157697757706 0 0 0 -0.0366437087065544 0.999328393778656
3.82 32.0128217097372 -18.8230935949832 0 0 0 -0.0353355598776194 0.999375504106507
3.83 32.1125719891861 -18.8301562936977 0 0 0 -0.0340273505021658 0.999420902031673
3.84 32.2123404168524 -18.8369578234851 0 0 0 -0.0327190828217745 0.999464587476366
3.85 32.3121263096109 -18.8434981359169 0 0 0 -0.0314107590781268 0.999506560365732
3.86 32.4119289820082 -18.8497771881521 0 0 0 -0.0301023815129995 0.999546820627851
3.87 32.511747751385 -18.8557949354872 0 0 0 -0.0287939523682621 0.99958536819374
3.88 32.611581933219 -18.8615513388067 0 0 0 -0.0274854738858722 0.999622202997347
3.89 32.7114308429882 -18.8670463562012 0 0 0 -0.026176948307872 0.999657324975557
3.9 32.8112937966362 -18.8722799522802 0 0 0 -0.0248683778763844 0.99969073406819
3.91 32.9111701091751 -18.877252089791 0 0 0 -0.0235597648336091 0.999722430218001
3.92 33.0110590965487 -18.8819627342746 0 0 0 -0.0222511114218191 0.999752413370677
3.93 33.1109600742348 -18.8864118549973 0 0 0 -0.0209424198833561 0.999780683474845
3.94 33.2108723572455 -18.8905994202942 0 0 0 -0.0196336924606275 0.999807240482065
3.95 33.310795261059 -18.8945254022256 0 0 0 -0.0183249313961021 0.999832084346831
3.96 33.4107281002216 -18.8981897728518 0 0 0 -0.0170161389323062 0.999855215026574
3.97 33.510670190677 -18.9015925079584 0 0 0 -0.0157073173118201 0.999876632481661
3.98 33.6106208465062 -18.9047335842624 0 0 0 -0.014398468777274 0.999896336675392
3.99 33.710579383187 -18.9076129794121 0 0 0 -0.0130895955713441 0.999914327574007
4 33.8105451157317 -18.9102306738496 0 0 0 -0.0117806999367489 0.999930605146677
4.01 33.9105173586868 -18.9125866508111 0 0 0 -0.0104717841162456 0.999945169365512
4.02 34.0104954270646 -18.9146808926016 0 0 0 -0.0091628503526256 0.999958020205556
4.03 34.1104786358774 -18.9165133852512 0 0 0 -0.00785390088871129 0.99996915764479
4.04 34.2104662987404 -18.9180841175839 0 0 0 -0.0065449379673519 0.999978581664129
4.05 34.3104577315971 -18.9193930765614 0 0 0 -0.0052359638314197 0.999986292247427
4.06 34.4104522485286 -18.9204402556643 0 0 0 -0.0039269807238062 0.999992289381471
4.07 34.510449164547 -18.9212256455794 0 0 0 -0.00261799088741827 0.999996573055985
4.08 34.6104477937333 -18.9217492416501 0 0 0 -0.00130899656517433 0.999999143263629
4.09 34.7104474510998 -18.9220110410824 0 0 0 -4.44089209850063e-16 1
4.1 34.8104474507272 -18.9220110410824 0 0 0 0.00130899656517344 0.999999143263629
4.11 34.9104471080936 -18.9217492416501 0 0 0 0.00261799088741739 0.999996573055985
4.12 35.01044573728 -18.9212256455794 0 0 0 0.00392698072380531 0.999992289381471
4.13 35.1104426532984 -18.9204402556643 0 0 0 0.00523596383141881 0.999986292247427
4.14 35.2104371702299 -18.9193930765614 0 0 0 0.00654493796735101 0.999978581664129
4.15 35.3104286030866 -18.9180841175839 0 0 0 0.0078539008887104 0.99996915764479
4.16 35.4104162659496 -18.9165133852512 0 0 0 0.00916285035262471 0.999958020205556
4.17 35.5103994747624 -18.9146808926016 0 0 0 0.0104717841162447 0.999945169365512
4.18 35.6103775431402 -18.9125866508111 0 0 0 0.011780699936748 0.999930605146677
4.19 35.7103497860953 -18.9102306738496 0 0 0 0.0130895955713432 0.999914327574007
4.2 35.81031551864 -18.9076129794121 0 0 0 0.0143984687772731 0.999896336675392
4.21 35.9102740553208 -18.9047335842624 0 0 0 0.0157073173118193 0.999876632481661
4.22 36.0102247111499 -18.9015925079584 0 0 0 0.0170161389323053 0.999855215026574
4.23 36.1101668016054 -18.8981897728518 0 0 0 0.0183249313961012 0.999832084346831
4.24 36.210099640768 -18.8945254022256 0 0 0 0.0196336924606266 0.999807240482065
4.25 36.3100225445814 -18.8905994202942 0 0 0 0.0209424198833552 0.999780683474845
4.26 36.4099348275922 -18.8864118549973 0 0 0 0.0222511114218182 0.999752413370677
4.27 36.5098358052783 -18.8819627342746 0 0 0 0.0235597648336082 0.999722430218001
4.28 36.6097247926518 -18.877252089791 0 0 0 0.0248683778763835 0.99969073406819
4.29 36.7096011051908 -18.8722799522802 0 0 0 0.0261769483078711 0.999657324975557
4.3 36.8094640588388 -18.8670463562012 0 0 0 0.0274854738858713 0.999622202997347
4.31 36.909312968608 -18.8615513388067 0 0 0 0.0287939523682612 0.99958536819374
4.32 37.009147150442 -18.8557949354872 0 0 0 0.0301023815129987 0.999546820627851
4.33 37.1089659198187 -18.8497771881521 0 0 0 0.0314107590781259 0.999506560365732
4.34 37.2087685922161 -18.8434981359169 0 0 0 0.0327190828217737 0.999464587476366
4.35 37.3085544849746 -18.8369578234851 0 0 0 0.0340273505021649 0.999420902031673
4.36 37.4083229126409 -18.8301562936977 0 0 0 0.0353355598776185 0.999375504106507
4.37 37.5080731920898 -18.8230935949832 0 0 0 0.0366437087065536 0.999328393778656
4.38 37.6078046401963 -18.8157697757706 0 0 0 0.0379517947474925 0.999279571128843
4.39 37.7075165724382 -18.8081848854199 0 0 0 0.0392598157590657 0.999229036240723
4.4 37.8072083056904 -18.8003389751539 0 0 0 0.0405677695000148 0.999176789200887
4.41 37.9068791568279 -18.7922321008518 0 0 0 0.0418756537291966 0.999122830098858
4.42 38.0065284427255 -18.7838643165305 0 0 0 0.0431834662055872 0.999067159027095
4.43 38.1061554802582 -18.7752356799319 0 0 0 0.0444912046882856 0.999009776080988
4.44 38.2057595867664 -18.7663462497294 0 0 0 0.0457988669365175 0.99895068135886
4.45 38.3053400795907 -18.7571960883215 0 0 0 0.0471064507096393 0.99888987496197
4.46 38.4048962760717 -18.7477852571756 0 0 0 0.0484139537671419 0.998827356994507
4.47 38.5044274940155 -18.7381138205528 0 0 0 0.0497213738686543 0.998763127563595
4.48 38.6039330507629 -18.7281818455085 0 0 0 0.051028708773948 0.998697186779288
4.49 38.7034122650512 -18.7179894000292 0 0 0 0.0523359562429401 0.998629534754574
4.5 38.8028644546866 -18.707536553964 0 0 0 0.0536431140356978 0.998560171605374
4.51 38.9022889379412 -18.6968233780935 0 0 0 0.0549501799124419 0.998489097450538
4.52 39.0016850335523 -18.6858499469236 0 0 0 0.0562571516335505 0.998416312411851
4.53 39.1010520602576 -18.6746163358912 0 0 0 0.0575640269595633 0.998341816614029
4.54 39.2003893367946 -18.6631226204336 0 0 0 0.0588708036511849 0.998265610184716
4.55 39.2996961823665 -18.6513688806444 0 0 0 0.0601774794692893 0.998187693254492
4.56 39.398971916642 -18.6393551966175 0 0 0 0.0614840521749229 0.998108065956864
4.57 39.4982158588246 -18.6270816512406 0 0 0 0.062790519529309 0.998026728428272
4.58 39.5974273290485 -18.6145483283326 0 0 0 0.0640968792938515 0.997943680808085
4.59 39.6966056469828 -18.6017553126439 0 0 0 0.0654031292301386 0.997858923238604
4.6 39.7957501332276 -18.5887026935816 0 0 0 0.0667092670999464 0.997772455865057
4.61 39.8948601079173 -18.5753905596212 0 0 0 0.0680152906652435 0.997684278835606
4.62 39.9939348916523 -18.5618190020323 0 0 0 0.069321197688194 0.997594392301337
4.63 40.092973805964 -18.5479881148785 0 0 0 0.0706269859311618 0.99750279641627
4.64 40.1919761719182 -18.5338979912922 0 0 0 0.0719326531567145 0.997409491337352
4.65 40.2909413105808 -18.5195487290621 0 0 0 0.0732381971276267 0.997314477224458
4.66 40.389868543949 -18.5049404269084 0 0 0 0.0745436156068845 0.997217754240393
4.67 40.4887571940199 -18.4900731835514 0 0 0 0.0758489063576889 0.997119322550888
4.68 40.587606582325 -18.4749471014366 0 0 0 0.0771540671434597 0.997019182324604
4.69 40.6864160322584 -18.4595622839406 0 0 0 0.0784590957278396 0.996917333733128
4.7 40.7851848667488 -18.4439188381657 0 0 0 0.0797639898746977 0.996813776950976
4.71 40.8839124077931 -18.4280168693513 0 0 0 0.0810687473481333 0.996708512155587
4.72 40.9825979792513 -18.4118564864621 0 0 0 0.0823733659124801 0.996601539527332
4.73 41.0812409049831 -18.3954378021881 0 0 0 0.0836778433323098 0.996492859249505
4.74 41.1798405088484 -18.3787609273568 0 0 0 0.0849821773724359 0.996382471508326
4.75 41.278396114707 -18.3618259774521 0 0 0 0.0862863657979176 0.996270376492942
4.76 41.37690704735 -18.3446330670267 0 0 0 0.0875904063740634 0.996156574395424
4.77 41.4753726315685 -18.32718231529 0 0 0 0.0888942968664356 0.99604106541077
4.78 41.5737921921536 -18.3094738414511 0 0 0 0.0901980350408531 0.995923849736901
4.79 41.6721650552936 -18.2915077665821 0 0 0 0.0915016186633963 0.995804927574662
4.8 41.7704905457795 -18.2732842136174 0 0 0 0.09280504550041 0.995684299127824
4.81 41.8687679907307 -18.2548033082858 0 0 0 0.094108313318508 0.995561964603081
4.82 41.9669967158698 -18.2360651772469 0 0 0 0.0954114198845764 0.995437924210048
4.83 42.0651760478504 -18.2170699480921 0 0 0 0.0967143629657776 0.995312178161266
4.84 42.1633053142577 -18.1978177512065 0 0 0 0.0980171403295541 0.995184726672197
4.85 42.2613838422112 -18.1783087188378 0 0 0 0.0993197497436324 0.995055569961227
4.86 42.3594109597616 -18.1585429850966 0 0 0 0.100622188976027 0.994924708249661
4.87 42.4573859949596 -18.1385206840932 0 0 0 0.101924455795043 0.994792141761727
4.88 42.5553082758561 -18.1182419545949 0 0 0 0.103226547969283 0.994657870724575
4.89 42.6531771318987 -18.0977069353685 0 0 0 0.104528463267647 0.994521895368274
4.9 42.7509918920696 -18.0769157661125 0 0 0 0.105830199459338 0.994384215925814
4.91 42.8487518858165 -18.0558685902506 0 0 0 0.107131754313867 0.994244832633106
4.92 42.9464564430527 -18.0345655512065 0 0 0 0.108433125601055 0.994103745728979
4.93 43.0441048946232 -18.013006796129 0 0 0 0.109734311091038 0.99396095545518
4.94 43.1416965709068 -17.9911924721673 0 0 0 0.11103530855427 0.993816462056379
4.95 43.2392308027484 -17.9691227283329 0 0 0 0.112336115761528 0.993670265780159
4.96 43.3367069223896 -17.9467977173626 0 0 0 0.113636730483914 0.993522366877025
4.97 43.4341242611408 -17.9242175901309 0 0 0 0.114937150492859 0.993372765600397
4.98 43.5314821512438 -17.9013825030997 0 0 0 0.11623737356013 0.993221462206613
4.99 43.6287799258716 -17.8782926127315 0 0 0 0.11753739745783 0.993068456954927
5 43.7260169177316 -17.8549480764195 0 0 0 0.118837219958403 0.99291375010751
5.01 43.8231924609281 -17.8313490543514 0 0 0 0.120136838834639 0.992757341929447
5.02 43.9203058886342 -17.8074957085773 0 0 0 0.121436251859677 0.992599232688739
5.03 44.0173565363511 -17.7833882020786 0 0 0 0.122735456807007 0.992439422656303
5.04 44.1143437377177 -17.7590267015621 0 0 0 0.124034451450477 0.992277912105968
5.05 44.2112668287009 -17.7344113718718 0 0 0 0.125333233564296 0.992114701314479
5.06 44.308125144802 -17.7095423834398 0 0 0 0.126631800923036 0.991949790561492
5.07 44.4049180219881 -17.6844199057668 0 0 0 0.127930151301636 0.991783180129579
5.08 44.5016447976232 -17.6590441111475 0 0 0 0.129228282475409 0.99161487030422
5.09 44.5983048076741 -17.6334151737392 0 0 0 0.130526192220043 0.991444861373811
5.1 44.6948973904364 -17.6075332695618 0 0 0 0.131823878311604 0.991273153629658
5.11 44.7914218832739 -17.5813985746354 0 0 0 0.133121338526544 0.991099747365976
5.12 44.8878776254132 -17.5550112696365 0 0 0 0.134418570641698 0.990924642879893
5.13 44.9842639546841 -17.5283715352416 0 0 0 0.135715572434296 0.990747840471445
5.14 45.0805802112445 -17.5014795530587 0 0 0 0.137012341681959 0.990569340443578
5.15 45.1768257352524 -17.4743355084211 0 0 0 0.13830887616271 0.990389143102149
5.16 45.2729998659343 -17.4469395866618 0 0 0 0.139605173654972 0.990207248755918
5.17 45.3691019453108 -17.4192919749767 0 0 0 0.140901231937574 0.990023657716559
5.18 45.46513131354 -17.3913928642869 0 0 0 0.142197048789755 0.989838370298648
5.19 45.5610873135738 -17.3632424455136 0 0 0 0.14349262199117 0.989651386819672
5.2 45.6569692869671 -17.3348409114406 0 0 0 0.144787949321888 0.98946270760002
5.21 45.7527765771374 -17.3061884557828 0 0 0 0.146083028562402 0.98927233296299
5.22 45.8485085265711 -17.2772852759808 0 0 0 0.147377857493629 0.989080263234783
5.23 45.9441644800827 -17.2481315704063 0 0 0 0.148672433896913 0.988886498744506
5.24 46.0397437815554 -17.2187275374308 0 0 0 0.149966755554035 0.988691039824169
5.25 46.1352457762696 -17.1890733800828 0 0 0 0.151260820247209 0.988493886808685
5.26 46.2306698090397 -17.1591693013906 0 0 0 0.152554625759091 0.988295040035871
5.27 46.3260152260773 -17.1290155053139 0 0 0 0.15384816987278 0.988094499846445
5.28 46.4212813745253 -17.0986121986061 0 0 0 0.155141450371824 0.987892266584027
5.29 46.5164676005952 -17.067959590815 0 0 0 0.156434465040221 0.987688340595139
5.3 46.6115732518956 -17.0370578914881 0 0 0 0.157727211662426 0.987482722229202
5.31 46.706597677432 -17.0059073120356 0 0 0 0.159019688023354 0.987275411838538
5.32 46.8015402252786 -16.9745080666617 0 0 0 0.160311891908381 0.987066409778367
5.33 46.8964002444409 -16.9428603695706 0 0 0 0.161603821103351 0.986855716406809
5.34 46.9911770857871 -16.9109644386917 0 0 0 0.162895473394578 0.986643332084881
5.35 47.0858700983226 -16.878820492886 0 0 0 0.164186846568852 0.986429257176497
5.36 47.1804786343127 -16.8464287510142 0 0 0 0.16547793841344 0.98621349204847
5.37 47.2750020446256 -16.8137894356623 0 0 0 0.166768746716092 0.985996037070507
5.38 47.3694396819919 -16.7809027712792 0 0 0 0.168059269265041 0.985776892615211
5.39 47.4637908982113 -16.7477689823136 0 0 0 0.169349503849014 0.98555605905808
5.4 47.5580550474115 -16.7143882960081 0 0 0 0.170639448257228 0.985333536777506
5.41 47.6522314832546 -16.6807609423995 0 0 0 0.171929100279399 0.985109326154776
5.42 47.7463195598684 -16.6468871496618 0 0 0 0.173218457705742 0.984883427574068
5.43 47.8403186332434 -16.6127671524882 0 0 0 0.174507518326981 0.984655841422453
5.44 47.9342280584387 -16.5784011827782 0 0 0 0.175796279934343 0.984426568089894
5.45 48.0280471919104 -16.5437894770876 0 0 0 0.177084740319572 0.984195607969244
5.46 48.121775391046 -16.5089322719723 0 0 0 0.178372897274925 0.983962961456248
5.47 48.215412012767 -16.4738298077136 0 0 0 0.179660748593181 0.983728628949538
5.48 48.3089564158581 -16.4384823227301 0 0 0 0.180948292067641 0.983492610850638
5.49 48.4024079591036 -16.4028900619596 0 0 0 0.182235525492136 0.983254907563957
5.5 48.4957660017535 -16.3670532666147 0 0 0 0.183522446661025 0.983015519496794
5.51 48.5890299039893 -16.3309721834958 0 0 0 0.184809053369204 0.982774447059334
5.52 48.6821990269236 -16.294647061266 0 0 0 0.186095343412107 0.982531690664647
5.53 48.7752727312036 -16.2580781467259 0 0 0 0.187381314585713 0.982287250728691
5.54 48.8682503798045 -16.2212656913325 0 0 0 0.188666964686543 0.982041127670306
5.55 48.9611313352361 -16.1842099474743 0 0 0 0.189952291511673 0.981793321911218
5.56 49.0539149604738 -16.1469111694023 0 0 0 0.191237292858728 0.981543833876035
5.57 49.1466006203555 -16.1093696122989 0 0 0 0.192521966525895 0.981292663992248
5.58 49.2391876787879 -16.0715855332091 0 0 0 0.19380631031192 0.981039812690229
5.59 49.3316755015403 -16.033559191972 0 0 0 0.195090322016116 0.980785280403233
5.6 49.4240634548478 -15.9952908484265 0 0 0 0.196373999438362 0.980529067567393
5.61 49.5163509054109 -15.9567807661369 0 0 0 0.197657340379114 0.980271174621724
5.62 49.6085372203961 -15.9180292068049 0 0 0 0.1989403426394 0.980011602008118
5.63 49.7006217683665 -15.8790364386514 0 0 0 0.200223004020832 0.979750350171345
5.64 49.7926039183512 -15.8398027271032 0 0 0 0.201505322325604 0.979487419559054
5.65 49.8844830389135 -15.8003283413127 0 0 0 0.2027872953565 0.979222810621768
5.66 49.9762585018761 -15.7606135522947 0 0 0 0.204068920916892 0.978956523812889
5.67 50.0679296767339 -15.7206586319953 0 0 0 0.205350196810751 0.97868855958869
5.68 50.159495936241 -15.6804638542235 0 0 0 0.206631120842645 0.978418918408323
5.69 50.2509566522203 -15.6400294946507 0 0 0 0.207911690817746 0.978147600733808
5.7 50.3423111978918 -15.5993558298796 0 0 0 0.209191904541832 0.977874607030043
5.71 50.4335589474067 -15.5584431402385 0 0 0 0.210471759821292 0.977599937764794
5.72 50.5246992749162 -15.5172917041928 0 0 0 0.211751254463129 0.977323593408699
5.73 50.6157315564342 -15.4759018048644 0 0 0 0.213030386274963 0.977045574435267
5.74 50.7066551670432 -15.4342737253755 0 0 0 0.214309153065037 0.976765881320875
5.75 50.7974694846198 -15.3924077516422 0 0 0 0.215587552642219 0.976484514544772
5.76 50.8881738861091 -15.3503041705117 0 0 0 0.216865582816006 0.97620147458907
5.77 50.9787677498534 -15.3079632697627 0 0 0 0.218143241396529 0.97591676193875
5.78 51.0692504551262 -15.2653853408992 0 0 0 0.219420526194553 0.975630377081662
5.79 51.1596213816665 -15.2225706744939 0 0 0 0.220697435021487 0.975342320508516
5.8 51.249879910145 -15.1795195648447 0 0 0 0.221973965689382 0.97505259271289
5.81 51.3400254216976 -15.1362323071808 0 0 0 0.223250116010937 0.974761194191225
5.82 51.4300572988577 -15.0927091967314 0 0 0 0.224525883799504 0.974468125442824
5.83 51.5199749241583 -15.0489505333826 0 0 0 0.225801266869089 0.974173386969853
5.84 51.6097776819952 -15.0049566170201 0 0 0 0.227076263034359 0.973876979277337
5.85 51.6994649558328 -14.9607277475297 0 0 0 0.228350870110641 0.973578902873164
5.86 51.7890361319296 -14.9162642294541 0 0 0 0.229625085913932 0.973279158268078
5.87 51.8784905960783 -14.8715663673356 0 0 0 0.230898908260898 0.972977745975685
5.88 51.9678277350031 -14.8266344675794 0 0 0 0.232172334968878 0.972674666512447
5.89 52.0570469363593 -14.7814688384533 0 0 0 0.233445363855891 0.97236992039768
5.9 52.1461475887336 -14.736069788225 0 0 0 0.234717992740636 0.97206350815356
5.91 52.2351290816441 -14.6904376288876 0 0 0 0.235990219442498 0.971755430305116
5.92 52.3239908046089 -14.6445726733655 0 0 0 0.237262041781553 0.971445687380231
5.93 52.4127321494743 -14.5984752364457 0 0 0 0.238533457578566 0.97113427990964
5.94 52.5013525071554 -14.5521456329152 0 0 0 0.239804464655001 0.970821208426932
5.95 52.5898512708955 -14.5055841803551 0 0 0 0.241075060833024 0.970506473468546
5.96 52.6782278339379 -14.4587911991403 0 0 0 0.2423452439355 0.970190075573773
5.97 52.7664815904573 -14.4117670087144 0 0 0 0.243615011786007 0.969872015284751
5.98 52.8546119360253 -14.3645119322464 0 0 0 0.244884362208832 0.969552293146467
5.99 52.942618265748 -14.3170262938365 0 0 0 0.246153293028978 0.969230909706758
6 53.0304999770597 -14.2693104175851 0 0 0 0.247421802072165 0.968907865516305
6.01 53.1182564673945 -14.2213646313176 0 0 0 0.248689887164839 0.968583161128635
6.02 53.2058871351182 -14.1731892637908 0 0 0 0.24995754613417 0.968256797100121
6.03 53.2933913804591 -14.1247846456245 0 0 0 0.25122477680806 0.967928773989977
6.04 53.3807686027139 -14.0761511074379 0 0 0 0.252491577015142 0.967599092360264
6.05 53.4680182035081 -14.027288983576 0 0 0 0.25375794458479 0.967267752775881
6.06 53.5551395844668 -13.9781986074522 0 0 0 0.255023877347116 0.96693475580457
6.07 53.642132149078 -13.928880318068 0 0 0 0.256289373132981 0.966600102016912
6.08 53.7289953003637 -13.8793344506994 0 0 0 0.25755442977399 0.966263791986327
6.09 53.8157284432091 -13.8295613471419 0 0 0 0.258819045102505 0.965925826289073
6.1 53.9023309838958 -13.7795613473281 0 0 0 0.26008321695164 0.965586205504245
6.11 53.9888023277745 -13.7293347939849 0 0 0 0.261346943155273 0.965244930213774
6.12 54.0751418829896 -13.6788820317015 0 0 0 0.262610221548043 0.964902001002427
6.13 54.1613490572199 -13.6282034059986 0 0 0 0.263873049965356 0.964557418457803
6.14 54.2474232600071 -13.5772992642596 0 0 0 0.265135426243391 0.964211183170334
6.15 54.3333639008924 -13.5261699557304 0 0 0 0.266397348219101 0.963863295733286
6.16 54.4191703917459 -13.4748158305883 0 0 0 0.267658813730216 0.963513756742753
6.17 54.5048421435058 -13.423237239942 0 0 0 0.268919820615249 0.963162566797663
6.18 54.5903785694391 -13.3714345395565 0 0 0 0.2701803667135 0.962809726499768
6.19 54.675779083278 -13.3194080824032 0 0 0 0.271440449865057 0.962455236453652
6.2 54.7610430996865 -13.26715822611 0 0 0 0.272700067910803 0.962099097266723
6.21 54.8461700342596 -13.2146853283048 0 0 0 0.273959218692415 0.961741309549216
6.22 54.9311593039893 -13.1619897484779 0 0 0 0.275217900052374 0.961381873914191
6.23 55.016010325402 -13.109071848914 0 0 0 0.276476109833964 0.96102079097753
6.24 55.1007225173526 -13.0559319909662 0 0 0 0.277733845881275 0.96065806135794
6.25 55.1852952996269 -13.0025705387816 0 0 0 0.278991106039212 0.960293685676948
6.26 55.2697280920111 -12.9489878593013 0 0 0 0.280247888153494 0.959927664558902
6.27 55.3540203161538 -12.8951843194664 0 0 0 0.281504190070658 0.959559998630968
6.28 55.438171394635 -12.8411602871493 0 0 0 0.282760009638066 0.959190688523132
6.29 55.5221807500347 -12.7869161339477 0 0 0 0.284015344703905 0.958819734868198
6.3 55.6060478067957 -12.732452230528 0 0 0 0.285270193117193 0.958447138301784
6.31 55.6897719902918 -12.6777689503506 0 0 0 0.286524552727781 0.958072899462324
6.32 55.7733527263626 -12.6228666678071 0 0 0 0.287778421386357 0.957697018991067
6.33 55.8567894422449 -12.5677457610145 0 0 0 0.289031796944454 0.957319497532073
6.34 55.9400815665722 -12.5124066062272 0 0 0 0.290284677254444 0.956940335732214
6.35 56.0232285275124 -12.4568495824933 0 0 0 0.291537060169553 0.956559534241175
6.36 56.1062297560275 -12.4010750716552 0 0 0 0.292788943543856 0.956177093711449
6.37 56.1890846830793 -12.3450834555551 0 0 0 0.294040325232286 0.955793014798336
6.38 56.2717927405611 -12.288875117898 0 0 0 0.295291203090633 0.955407298159945
6.39 56.3543533617631 -12.23245044332 0 0 0 0.296541574975553 0.955019944457192
6.4 56.4367659804411 -12.1758098201826 0 0 0 0.297791438744567 0.954630954353797
6.41 56.5190300322138 -12.1189536349848 0 0 0 0.299040792256068 0.954240328516283
6.42 56.6011449531652 -12.0618822779506 0 0 0 0.300289633369323 0.953848067613977
6.43 56.6831101803109 -12.004596141167 0 0 0 0.301537959944477 0.953454172319007
6.44 56.7649251520634 -11.9470956157893 0 0 0 0.302785769842556 0.953058643306303
6.45 56.8465893077664 -11.8893810966983 0 0 0 0.304033060925472 0.952661481253592
6.46 56.9281020872295 -11.8314529797062 0 0 0 0.305279831056025 0.952262686841401
6.47 57.0094629321247 -11.773311660625 0 0 0 0.306526078097909 0.951862260753054
6.48 57.0906712845899 -11.7149575399235 0 0 0 0.307771799915714 0.951460203674669
6.49 57.1717265886255 -11.6563910162076 0 0 0 0.309016994374928 0.95105651629516
6.5 57.2526282882318 -11.5976124908775 0 0 0 0.310261659341947 0.950651199306234
6.51 57.3333758288063 -11.5386223671958 0 0 0 0.311505792684069 0.950244253402392
6.52 57.4139686566778 -11.4794210493565 0 0 0 0.312749392269507 0.949835679280924
6.53 57.4944062205032 -11.4200089424849 0 0 0 0.313992455967386 0.94942547764191
6.54 57.5746879680082 -11.3603864554316 0 0 0 0.31523498164775 0.94901364918822
6.55 57.654813349247 -11.3005539951846 0 0 0 0.316476967181567 0.948600194625511
6.56 57.7347818152048 -11.2405119724572 0 0 0 0.317718410440726 0.948185114662226
6.57 57.8145928173326 -11.1802607988939 0 0 0 0.31895930929805 0.947768410009592
6.58 57.8942458089441 -11.1198008880019 0 0 0 0.320199661627292 0.947350081381623
6.59 57.9737402442843 -11.0591326523572 0 0 0 0.321439465303142 0.946930129495112
6.6 58.0530755785294 -10.9982565101236 0 0 0 0.32267871820123 0.946508555069637
6.61 58.1322512673214 -10.937172876671 0 0 0 0.32391741819813 0.946085358827552
6.62 58.2112667686306 -10.8758821710944 0 0 0 0.325155563171363 0.945660541493994
6.63 58.2901215408929 -10.8143848134205 0 0 0 0.326393150999402 0.945234103796875
6.64 58.3688150430098 -10.7526812264696 0 0 0 0.327630179561673 0.944806046466885
6.65 58.4473467357457 -10.6907718311995 0 0 0 0.328866646738563 0.944376370237488
6.66 58.5257160817273 -10.6286570532247 0 0 0 0.330102550411418 0.943945075844923
6.67 58.6039225431159 -10.5663373181596 0 0 0 0.331337888462551 0.943512164028201
6.68 58.6819655834697 -10.50381305255 0 0 0 0.332572658775243 0.943077635529104
6.69 58.7598446691409 -10.4410846848041 0 0 0 0.333806859233751 0.942641491092186
6.7 58.8375592650846 -10.3781526461244 0 0 0 0.335040487723303 0.942203731464767
6.71 58.9151088395156 -10.3150173667818 0 0 0 0.336273542130113 0.941764357396938
6.72 58.9924928606488 -10.2516792789102 0 0 0 0.337506020341375 0.941323369641553
6.73 59.0697107976303 -10.1881388183683 0 0 0 0.338737920245271 0.940880768954233
6.74 59.1467621219344 -10.1243964191526 0 0 0 0.339969239730974 0.940436556093362
6.75 59.2236463050358 -10.0604525189847 0 0 0 0.341199976688651 0.939990731820088
6.76 59.3003628202714 -9.9963075555861 0 0 0 0.342430129009469 0.939543296898317
6.77 59.3769111419097 -9.93196196947247 0 0 0 0.343659694585595 0.939094252094717
6.78 59.4532907446846 -9.86741620022804 0 0 0 0.344888671310202 0.938643598178714
6.79 59.529501105193 -9.80267069209367 0 0 0 0.346117057077472 0.938191335922492
6.8 59.6055417018943 -9.7377258874476 0 0 0 0.347344849782599 0.937737466100989
6.81 59.6814120132476 -9.672582231462 0 0 0 0.348572047321794 0.937281989491899
6.82 59.7571115186438 -9.60724017117172 0 0 0 0.349798647592287 0.936824906875669
6.83 59.8326396998018 -9.5417001536116 0 0 0 0.351024648492333 0.936366219035498
6.84 59.9079960389063 -9.47596262954175 0 0 0 0.352250047921212 0.935905926757334
6.85 59.9831800200045 -9.41002804785967 0 0 0 0.353474843779236 0.935444030829875
6.86 60.0581911266781 -9.34389686118811 0 0 0 0.35469903396775 0.934980532044569
6.87 60.1330288457684 -9.27756952308118 0 0 0 0.355922616389137 0.934515431195607
6.88 60.2076926641166 -9.21104648709297 0 0 0 0.357145588946824 0.934048729079927
6.89 60.282182069961 -9.14432821050286 0 0 0 0.358367949545279 0.93358042649721
6.9 60.3564965524711 -9.07741514965892 0 0 0 0.35958969609002 0.93311052424988
6.91 60.4306356022134 -9.01030776370317 0 0 0 0.36081082648762 0.932639023143103
6.92 60.504598712083 -8.94300651270896 0 0 0 0.362031338645703 0.932165923984781
6.93 60.5783853740431 -8.87551185768098 0 0 0 0.363251230472956 0.931691227585558
6.94 60.6519950823858 -8.80782426055521 0 0 0 0.364470499879128 0.931214934758812
6.95 60.7254273332655 -8.73994418606162 0 0 0 0.365689144775032 0.93073704632066
6.96 60.7986816233024 -8.67187209893018 0 0 0 0.366907163072555 0.930257563089948
6.97 60.8717574500479 -8.6036084657535 0 0 0 0.368124552684656 0.92977648588826
6.98 60.9446543129161 -8.53515375591815 0 0 0 0.36934131152537 0.929293815539908
6.99 61.0173717117868 -8.46650843601674 0 0 0 0.370557437509814 0.928809552871933
7 61.0899091488682 -8.39767297916114 0 0 0 0.37177292855419 0.928323698714108
7.01 61.1622661268339 -8.32864785473794 0 0 0 0.372866325898987 0.927885069936245
7.02 61.234460267704 -8.259452435188 0 0 0 0.373849941084904 0.927489202929508
7.03 61.3065075119957 -8.19010407850146 0 0 0 0.374734835439494 0.927132031108912
7.04 61.3784222723916 -8.12061834428459 0 0 0 0.375530948623788 0.926809854622683
7.05 61.4502175739035 -8.05100918747485 0 0 0 0.376247213680504 0.926519311292354
7.06 61.5219051805325 -7.98128912597895 0 0 0 0.376891660048894 0.926257349004902
7.07 61.5934957158752 -7.91146939247847 0 0 0 0.377471505844853 0.926021199689952
7.08 61.6649987683631 -7.84156006854028 0 0 0 0.377993240558331 0.925808354948373
7.09 61.7364229904488 -7.77157020848244 0 0 0 0.378462699190961 0.92561654334886
7.1 61.8077761875466 -7.70150794181973 0 0 0 0.378885128743019 0.925443709372637
7.11 61.8790653995238 -7.63138057012111 0 0 0 0.379265247858332 0.925287993960236
7.12 61.9502969738096 -7.56119465362281 0 0 0 0.379607300347024 0.925147716596244
7.13 62.0214766333811 -7.49095608852804 0 0 0 0.379915103227503 0.925021358855911
7.14 62.0926095359027 -7.42067017126828 0 0 0 0.380192089859622 0.924907549330296
7.15 62.1637003310025 -7.35034166462719 0 0 0 0.380441348679361 0.924805049842954
7.16 62.2347532073036 -7.279974848032 0 0 0 0.380665657990762 0.924712742870163
7.17 62.3057719385251 -7.20957357157022 0 0 0 0.380867517222343 0.924629620077622
7.18 62.3767599253915 -7.1391412941739 0 0 0 0.38104917501208 0.924554771888942
7.19 62.447720230557 -7.06868112739176 0 0 0 0.381212654446689 0.92448737800454
7.2 62.5186556130648 -6.99819586984813 0 0 0 0.381359775746766 0.924426698793569
7.21 62.5895685572177 -6.92768803797662 0 0 0 0.38149217665887 0.924372067485857
7.22 62.660461300984 -6.85715989582241 0 0 0 0.381611330788481 0.924322883095428
7.23 62.7313358597457 -6.78661347832531 0 0 0 0.381718564083492 0.924278604011819
7.24 62.8021940472536 -6.71605061832815 0 0 0 0.381815069656237 0.924238742199981
7.25 62.873037497513 -6.64547296240926 0 0 0 0.381901921112665 0.924202857954062
7.26 62.9438676820137 -6.57488199323416 0 0 0 0.381980084539966 0.924170555154643
7.27 63.0146859250963 -6.50427904352546 0 0 0 0.382050429288437 0.924141476983109
7.28 63.0854934193194 -6.43366531375796 0 0 0 0.382113737669468 0.924115302050707
7.29 63.1562912375666 -6.36304188333452 0 0 0 0.382170713679143 0.924091740903453
7.3 63.2270803465508 -6.29240972362459 0 0 0 0.382221990845728 0.924070532867448
7.31 63.2978616165929 -6.22176970820874 0 0 0 0.3822681392894 0.924051443202282
7.32 63.3686358304694 -6.15112262219191 0 0 0 0.382309672073541 0.924034260533137
7.33 63.4394036931917 -6.08046917524189 0 0 0 0.382347050918912 0.924018794534836
7.34 63.5101658399217 -6.009810003452 0 0 0 0.382380691344806 0.924004873843568
7.35 63.5809228410944 -5.93914567865431 0 0 0 0.38241096729477 0.923992344174278
7.36 63.6516752117313 -5.86847671773285 0 0 0 0.382438215298705 0.923981066623738
7.37 63.7224234137684 -5.79780358355492 0 0 0 0.382462738217889 0.923970916141236
7.38 63.7931678649038 -5.72712669428438 0 0 0 0.382484808614811 0.923961780150506
7.39 63.8639089390635 -5.65644642524421 0 0 0 0.382504671785451 0.923953557308107
7.4 63.9346469743177 -5.58576311543584 0 0 0 0.382522548487881 0.923946156384849
7.41 64.0053822742775 -5.5150770675391 0 0 0 0.382538637397635 0.923939495258191
7.42 64.0761151122861 -5.44438855629414 0 0 0 0.382553117317238 0.923933500004661
7.43 64.1468457346782 -5.37369782850146 0 0 0 0.382566149164545 0.923928104082461
7.44 64.2175743631087 -5.30300510488451 0 0 0 0.382577877762048 0.923923247595322
7.45 64.288301196415 -5.23231058567762 0 0 0 0.38258843344709 0.9239188766296
7.46 64.3590264148079 -5.16161445062608 0 0 0 0.38259793352093 0.923914942657339
7.47 64.4297501789406 -5.09091686084867 0 0 0 0.3826064835528 0.923911401998785
7.48 64.5004726345651 -5.02021796256304 0 0 0 0.382614178553469 0.923908215338436
7.49 64.5711939129978 -4.94951788615435 0 0 0 0.382621104031377 0.923905347289326
7.5 64.6419141311198 -4.87881674896926 0 0 0 0.382627336943114 0.923902766000741
7.51 64.7126333951019 -4.80811465810984 0 0 0 0.382632946548788 0.923900442805064
7.52 64.7833518008702 -4.73741170857102 0 0 0 0.382637995181834 0.923898351899833
7.53 64.8540694336407 -4.66670798603445 0 0 0 0.382642538941806 0.923896470061537
7.54 64.9247863711789 -4.59600356779993 0 0 0 0.382646628317868 0.923894776387965
7.55 64.9955026828684 -4.52529852371663 0 0 0 0.382650308749914 0.923893252066274
7.56 65.0662184311077 -4.45459291525185 0 0 0 0.382653621133564 0.923891880164216
7.57 65.1369336722419 -4.38388680107892 0 0 0 0.382656602274643 0.923890645442211
7.58 65.207648457028 -4.3131802296266 0 0 0 0.382659285298208 0.923889534184182
7.59 65.2783628315665 -4.24247324839234 0 0 0 0.382661700016658 0.923888534045293
7.6 65.3490768363699 -4.17176589649171 0 0 0 0.382663873261027 0.923887633914898
7.61 65.4197905082256 -4.10105821304023 0 0 0 0.382665829179149 0.923886823793171
7.62 65.490503880661 -4.03035022877157 0 0 0 0.382667589503993 0.923886094680077
7.63 65.5612169839442 -3.959641976282 0 0 0 0.382669173795164 0.923885438475424
7.64 65.6319298446178 -3.88893348071724 0 0 0 0.382670599656256 0.923884847888914
7.65 65.7026424868964 -3.818224767223 0 0 0 0.38267188293046 0.923884316359173
7.66 65.7733549331315 -3.74751585628837 0 0 0 0.382673037876612 0.923883837980882
7.67 65.8440672024153 -3.67680676933378 0 0 0 0.382674077327637 0.923883407439186
7.68 65.914779312443 -3.60609752405435 0 0 0 0.382675012833146 0.92388301995066
7.69 65.9854912795126 -3.53538813441992 0 0 0 0.382675854787769 0.923882671210176
7.7 66.0562031175941 -3.46467861626297 0 0 0 0.382676612546657 0.923882357343085
7.71 66.1269148392603 -3.3939689816907 0 0 0 0.382677294529436 0.923882074862172
7.72 66.197626457084 -3.32325924374163 0 0 0 0.382677908313759 0.923881820628919
7.73 66.2683379808441 -3.25254941079766 0 0 0 0.382678460719506 0.923881591818643
7.74 66.3390494198538 -3.18183949403465 0 0 0 0.382678957884561 0.923881385889112
7.75 66.4097607829608 -3.11112950090319 0 0 0 0.382679405333015 0.923881200552306
7.76 66.4804720776156 -3.04041943885386 0 0 0 0.382679808036548 0.923881033748995
7.77 66.5511833103374 -2.96970931533724 0 0 0 0.382680170469665 0.923880883625864
7.78 66.6218944876455 -2.89899913687259 0 0 0 0.38268049665942 0.923880748514926
7.79 66.6926056151278 -2.82828890811652 0 0 0 0.382680790230159 0.923880626914983
7.8 66.7633166979067 -2.75757863465697 0 0 0 0.382681054443791 0.923880517474954
7.81 66.834027740173 -2.68686832021922 0 0 0 0.382681292236033 0.923880418978863
7.82 66.9047387456521 -2.61615796945989 0 0 0 0.382681506249029 0.92388033033233
7.83 66.9754497185349 -2.54544758610427 0 0 0 0.382681698860708 0.923880250550407
7.84 67.0461606620811 -2.47473717387766 0 0 0 0.382681872211204 0.923880178746642
7.85 67.1168715790845 -2.40402673464268 0 0 0 0.382682028226639 0.923880114123226
7.86 67.1875824723393 -2.33331627119333 0 0 0 0.382682168640522 0.923880055962129
7.87 67.2582933437079 -2.26260578632355 0 0 0 0.382682295013009 0.923880003617124
7.88 67.3290041959845 -2.19189528282732 0 0 0 0.382682408748241 0.923879956506604
7.89 67.3997150305659 -2.12118476070464 0 0 0 0.382682511109945 0.923879914107124
7.9 67.4704258497804 -2.05047422368079 0 0 0 0.382682603235475 0.923879875947582
7.91 67.5411366550252 -1.97976367268711 0 0 0 0.382682686148448 0.923879841603987
7.92 67.6118474472314 -1.90905310865492 0 0 0 0.382682760770122 0.923879810694745
7.93 67.6825582282618 -1.83834253344685 0 0 0 0.382682827929625 0.923879782876422
7.94 67.7532689985819 -1.76763194799423 0 0 0 0.382682888373177 0.923879757839927
7.95 67.8239797600545 -1.69692135322839 0 0 0 0.382682942772373 0.923879735307078
7.96 67.8946905131452 -1.62621075008065 0 0 0 0.382682991731647 0.923879715027512
7.97 67.9654012587853 -1.55550013948232 0 0 0 0.382683035794993 0.923879696775899
7.98 68.0361119974405 -1.48478952143341 0 0 0 0.382683075452004 0.923879680349447
7.99 68.1068227305077 -1.41407889872789 0 0 0 0.382683111143313 0.923879665565638
8 68.1775334575213 -1.34336826950312 0 0 0 0.382683143265491 0.923879652260209
8.01 68.2482441798784 -1.27265763562173 0 0 0 0.38268317217545 0.923879640285321
8.02 68.3189548980445 -1.20194699708372 0 0 0 0.382683198194414 0.923879629507922
8.03 68.3896656120196 -1.13123635482043 0 0 0 0.38268322161148 0.923879619808262
8.04 68.4603763222694 -1.06052570883185 0 0 0 0.38268324268684 0.923879611078567
8.05 68.5310870292597 -0.989815060049295 0 0 0 0.382683261654664 0.923879603221842
8.06 68.6017977339216 -0.919104408472776 0 0 0 0.382683278725705 0.923879596150789
8.07 68.6725084353238 -0.848393753170967 0 0 0 0.382683294089641 0.923879589786841
8.08 68.7432191348635 -0.777683096937835 0 0 0 0.382683307917184 0.923879584059287
8.09 68.8139298316091 -0.706972436979413 0 0 0 0.382683320361973 0.923879578904489
8.1 68.8846405269578 -0.636261776089668 0 0 0 0.382683331562283 0.92387957426517
8.11 68.9553512204438 -0.565551113337278 0 0 0 0.382683341642561 0.923879570089783
8.12 69.0260619125329 -0.494840449653566 0 0 0 0.382683350714812 0.923879566331935
8.13 69.096772603225 -0.424129784107208 0 0 0 0.382683358879838 0.923879562949871
8.14 69.16748329252 -0.353419116698205 0 0 0 0.382683366228361 0.923879559906014
8.15 69.2381939808838 -0.282708449289203 0 0 0 0.382683372842031 0.923879557166543
8.16 69.3089046683162 -0.211997780017555 0 0 0 0.382683378794335 0.923879554701018
8.17 69.3796153543517 -0.141287109814584 0 0 0 0.382683384151408 0.923879552482046
8.18 69.4503260399215 -0.0705764396116138 0 0 0 0.382683388972774 0.923879550484971
8.19 69.52103672456 0.000134232454001904 0 0 0 0.382683393312003 0.923879548687604
8.2 69.5917474087328 0.0708449045196176 0 0 0 0.38268339721731 0.923879547069973
8.21 69.6624580924399 0.141555576585233 0 0 0 0.382683400732086 0.923879545614105
8.22 69.7331687752157 0.212266250513494 0 0 0 0.382683403895384 0.923879544303825
8.23 69.8038794575259 0.282976924441755 0 0 0 0.382683406742352 0.923879543124572
8.24 69.8745901398361 0.353687598370016 0 0 0 0.382683409304624 0.923879542063244
8.25 69.9453008212149 0.424398273229599 0 0 0 0.382683411610668 0.923879541108049
8.26 70.0160115025938 0.495108948089182 0 0 0 0.382683413686108 0.923879540248374
8.27 70.0867221835069 0.565819622948766 0 0 0 0.382683415554004 0.923879539474666
8.28 70.1574328644201 0.636530298739672 0 0 0 0.38268341723511 0.923879538778329
8.29 70.2281435448676 0.707240974530578 0 0 0 0.382683418748106 0.923879538151626
8.3 70.2988542248495 0.777951650321484 0 0 0 0.382683420109802 0.923879537587593
8.31 70.3695649048313 0.848662327043712 0 0 0 0.382683421335329 0.923879537079963
8.32 70.4402755848132 0.919373002834618 0 0 0 0.382683422438303 0.923879536623097
8.33 70.5109862643294 0.990083679556847 0 0 0 0.382683423430979 0.923879536211916
8.34 70.5816969438456 1.06079435627908 0 0 0 0.382683424324388 0.923879535841854
8.35 70.6524076233618 1.1315050330013 0 0 0 0.382683425128456 0.923879535508799
8.36 70.7231183024123 1.20221571065485 0 0 0 0.382683425852117 0.923879535209048
8.37 70.7938289814629 1.27292638737708 0 0 0 0.382683426503412 0.923879534939273
8.38 70.8645396605134 1.34363706503063 0 0 0 0.382683427089578 0.923879534696475
8.39 70.9352503395639 1.41434774175286 0 0 0 0.382683427617126 0.923879534477958
8.4 71.0059610186145 1.48505841940641 0 0 0 0.382683428091921 0.923879534281291
8.41 71.0766716971993 1.55576909705997 0 0 0 0.382683428519235 0.923879534104292
8.42 71.1473823757842 1.62647977471352 0 0 0 0.382683428903818 0.923879533944992
8.43 71.2180930543691 1.69719045236707 0 0 0 0.382683429249943 0.923879533801623
8.44 71.288803732954 1.76790113002062 0 0 0 0.382683429561456 0.92387953367259
8.45 71.3595144115388 1.83861180767417 0 0 0 0.382683429841817 0.923879533556461
8.46 71.4302250901237 1.90932248532772 0 0 0 0.382683430094142 0.923879533451944
8.47 71.5009357687086 1.98003316298127 0 0 0 0.382683430321235 0.923879533357879
8.48 71.5716464472935 2.05074384063482 0 0 0 0.382683430525618 0.923879533273221
8.49 71.6423571254127 2.12145451828837 0 0 0 0.382683430709563 0.923879533197028
8.5 71.7130678039975 2.19216519594193 0 0 0 0.382683430875114 0.923879533128455
8.51 71.7837784821168 2.2628758745268 0 0 0 0.382683431024109 0.923879533066739
8.52 71.8544891607016 2.33358655218035 0 0 0 0.382683431158205 0.923879533011195
8.53 71.9251998388208 2.4042972298339 0 0 0 0.382683431278891 0.923879532961205
8.54 71.9959105169401 2.47500790841877 0 0 0 0.382683431387509 0.923879532916214
8.55 72.0666211955249 2.54571858607233 0 0 0 0.382683431485265 0.923879532875722
8.56 72.1373318736441 2.61642926372588 0 0 0 0.382683431573245 0.92387953283928
8.57 72.2080425517634 2.68713994231075 0 0 0 0.382683431652427 0.923879532806481
8.58 72.2787532298826 2.7578506199643 0 0 0 0.382683431723691 0.923879532776963
8.59 72.3494639084674 2.82856129761785 0 0 0 0.382683431787829 0.923879532750396
8.6 72.4201745865867 2.89927197620273 0 0 0 0.382683431845553 0.923879532726486
8.61 72.4908852647059 2.96998265385628 0 0 0 0.382683431897504 0.923879532704967
8.62 72.5615959428251 3.04069333244115 0 0 0 0.382683431944261 0.9238795326856
8.63 72.6323066209443 3.1114040100947 0 0 0 0.382683431986341 0.923879532668169
8.64 72.7030172990635 3.18211468774825 0 0 0 0.382683432024214 0.923879532652482
8.65 72.7737279776484 3.25282536633313 0 0 0 0.382683432058299 0.923879532638364
8.66 72.8444386557676 3.32353604398668 0 0 0 0.382683432088976 0.923879532625657
8.67 72.9151493338868 3.39424672257155 0 0 0 0.382683432116586 0.923879532614221
8.68 72.985860012006 3.4649574002251 0 0 0 0.382683432141434 0.923879532603928
8.69 73.0565706901252 3.53566807880998 0 0 0 0.382683432163797 0.923879532594665
8.7 73.1272813682444 3.60637875646353 0 0 0 0.382683432183924 0.923879532586328
8.71 73.1979920463637 3.6770894350484 0 0 0 0.382683432202038 0.923879532578825
8.72 73.2687027244829 3.74780011270195 0 0 0 0.382683432218342 0.923879532572072
8.73 73.3394134026021 3.81851079128683 0 0 0 0.382683432233014 0.923879532565994
8.74 73.4101240807213 3.88922146894038 0 0 0 0.38268343224622 0.923879532560524
8.75 73.4808347588405 3.95993214752525 0 0 0 0.382683432258104 0.923879532555602
8.76 73.5515454369597 4.0306428251788 0 0 0 0.382683432268801 0.923879532551171
8.77 73.6222561150789 4.10135350376368 0 0 0 0.382683432278427 0.923879532547183
8.78 73.6929667931981 4.17206418141723 0 0 0 0.382683432287091 0.923879532543595
8.79 73.7636774713174 4.2427748600021 0 0 0 0.382683432294889 0.923879532540365
8.8 73.8343881494366 4.31348553765565 0 0 0 0.382683432301907 0.923879532537458
8.81 73.9050988275558 4.3841962153092 0 0 0 0.382683432308223 0.923879532534842
8.82 73.975809505675 4.45490689389408 0 0 0 0.382683432313907 0.923879532532487
8.83 74.0465201837942 4.52561757154763 0 0 0 0.382683432319023 0.923879532530368
8.84 74.1172308619134 4.5963282501325 0 0 0 0.382683432323628 0.923879532528461
8.85 74.1879415400326 4.66703892778605 0 0 0 0.382683432327771 0.923879532526744
8.86 74.2586522181518 4.73774960637093 0 0 0 0.382683432331501 0.9238795325252
8.87 74.329362896271 4.80846028402448 0 0 0 0.382683432334858 0.923879532523809
8.88 74.4000735743903 4.87917096260935 0 0 0 0.382683432337878 0.923879532522558
8.89 74.4707842525095 4.9498816402629 0 0 0 0.382683432340597 0.923879532521432
8.9 74.5414949306287 5.02059231884778 0 0 0 0.382683432343044 0.923879532520418
8.91 74.6122056087479 5.09130299650133 0 0 0 0.382683432345247 0.923879532519506
8.92 74.6829162868671 5.1620136750862 0 0 0 0.382683432347229 0.923879532518685
8.93 74.7536269649863 5.23272435273975 0 0 0 0.382683432349013 0.923879532517946
8.94 74.8243376431055 5.30343503132463 0 0 0 0.382683432350618 0.923879532517281
8.95 74.8950483212247 5.37414570897818 0 0 0 0.382683432352063 0.923879532516683
8.96 74.965758999344 5.44485638756305 0 0 0 0.382683432353364 0.923879532516144
8.97 75.0364696779288 5.5155670652166 0 0 0 0.382683432354534 0.923879532515659
8.98 75.107180356048 5.58627774380147 0 0 0 0.382683432355588 0.923879532515223
8.99 75.1778910341673 5.65698842145503 0 0 0 0.382683432356536 0.92387953251483
9 75.2486017122865 5.7276991000399 0 0 0 0.382683432357389 0.923879532514477
9.01 75.3193123904057 5.79840977769345 0 0 0 0.382683432358157 0.923879532514158
9.02 75.3900230685249 5.86912045627832 0 0 0 0.382683432358848 0.923879532513872
9.03 75.4607337466441 5.93983113393188 0 0 0 0.38268343235947 0.923879532513615
9.04 75.5314444247633 6.01054181251675 0 0 0 0.38268343236003 0.923879532513383
9.05 75.6021551028825 6.0812524901703 0 0 0 0.382683432360534 0.923879532513174
9.06 75.6728657810017 6.15196316875517 0 0 0 0.382683432360987 0.923879532512986
9.07 75.743576459121 6.22267384640872 0 0 0 0.382683432361395 0.923879532512817
9.08 75.8142871372402 6.2933845249936 0 0 0 0.382683432361762 0.923879532512665
9.09 75.8849978153594 6.36409520264715 0 0 0 0.382683432362093 0.923879532512528
9.1 75.9557084934786 6.43480588123202 0 0 0 0.38268343236239 0.923879532512405
9.11 76.0264191715978 6.50551655888557 0 0 0 0.382683432362658 0.923879532512294
9.12 76.097129849717 6.57622723747045 0 0 0 0.382683432362899 0.923879532512194
9.13 76.1678405278362 6.646937915124 0 0 0 0.382683432363116 0.923879532512104
9.14 76.2385512059554 6.71764859370887 0 0 0 0.382683432363312 0.923879532512023
9.15 76.3092618840747 6.78835927136242 0 0 0 0.382683432363487 0.923879532511951
9.16 76.3799725621939 6.8590699499473 0 0 0 0.382683432363645 0.923879532511885
9.17 76.4506832403131 6.92978062760085 0 0 0 0.382683432363787 0.923879532511826
9.18 76.5213939184323 7.00049130618572 0 0 0 0.382683432363915 0.923879532511773
9.19 76.5921045965515 7.07120198383927 0 0 0 0.382683432364031 0.923879532511725
9.2 76.6628152746707 7.14191266242415 0 0 0 0.382683432364135 0.923879532511682
9.21 76.7335259527899 7.2126233400777 0 0 0 0.382683432364228 0.923879532511644
9.22 76.8042366309091 7.28333401866257 0 0 0 0.382683432364312 0.923879532511609
9.23 76.8749473090284 7.35404469631612 0 0 0 0.382683432364388 0.923879532511578
9.24 76.9456579871476 7.424755374901 0 0 0 0.382683432364456 0.923879532511549
9.25 77.0163686652668 7.49546605255455 0 0 0 0.382683432364517 0.923879532511524
9.26 77.087079343386 7.56617673113942 0 0 0 0.382683432364572 0.923879532511501
9.27 77.1577900210395 7.63688740879297 0 0 0 0.382683432364622 0.923879532511481
9.28 77.2285006991588 7.70759808737785 0 0 0 0.382683432364666 0.923879532511462
9.29 77.299211377278 7.7783087650314 0 0 0 0.382683432364707 0.923879532511446
9.3 77.3699220553972 7.84901944361627 0 0 0 0.382683432364743 0.923879532511431
9.31 77.4406327335164 7.91973012126982 0 0 0 0.382683432364775 0.923879532511417
9.32 77.5113434116356 7.9904407998547 0 0 0 0.382683432364804 0.923879532511405
9.33 77.5820540897548 8.06115147750825 0 0 0 0.38268343236483 0.923879532511394
9.34 77.652764767874 8.13186215609312 0 0 0 0.382683432364854 0.923879532511384
9.35 77.7234754459932 8.20257283374667 0 0 0 0.382683432364876 0.923879532511375
9.36 77.7941861241125 8.27328351233155 0 0 0 0.382683432364895 0.923879532511367
9.37 77.8648968022317 8.3439941899851 0 0 0 0.382683432364912 0.92387953251136
9.38 77.9356074803509 8.41470486856997 0 0 0 0.382683432364928 0.923879532511354
9.39 78.0063181584701 8.48541554622352 0 0 0 0.382683432364942 0.923879532511348
9.4 78.0770288365893 8.55612622480839 0 0 0 0.382683432364954 0.923879532511343
9.41 78.1477395147085 8.62683690246195 0 0 0 0.382683432364966 0.923879532511338
9.42 78.2184501928277 8.69754758104682 0 0 0 0.382683432364976 0.923879532511334
9.43 78.2891608709469 8.76825825870037 0 0 0 0.382683432364985 0.92387953251133
9.44 78.3598715490662 8.83896893728524 0 0 0 0.382683432364993 0.923879532511327
9.45 78.4305822271854 8.9096796149388 0 0 0 0.382683432365001 0.923879532511324
9.46 78.5012929053046 8.98039029352367 0 0 0 0.382683432365007 0.923879532511321
9.47 78.5720035834238 9.05110097117722 0 0 0 0.382683432365013 0.923879532511318
9.48 78.642714261543 9.12181164976209 0 0 0 0.382683432365019 0.923879532511316
9.49 78.7134249396622 9.19252232741565 0 0 0 0.382683432365024 0.923879532511314
9.5 78.7841356177814 9.26323300600052 0 0 0 0.382683432365028 0.923879532511312
9.51 78.8548462959006 9.33394368365407 0 0 0 0.382683432365032 0.923879532511311
9.52 78.9255569740199 9.40465436223894 0 0 0 0.382683432365036 0.923879532511309
9.53 78.9962676521391 9.47536503989249 0 0 0 0.382683432365039 0.923879532511308
9.54 79.0669783302583 9.54607571847737 0 0 0 0.382683432365042 0.923879532511307
9.55 79.1376890083775 9.61678639613092 0 0 0 0.382683432365045 0.923879532511306
9.56 79.2083996864967 9.68749707471579 0 0 0 0.382683432365047 0.923879532511304
9.57 79.2791103646159 9.75820775236934 0 0 0 0.382683432365049 0.923879532511304
9.58 79.3498210427351 9.82891843095422 0 0 0 0.382683432365051 0.923879532511303
9.59 79.4205317208543 9.89962910860777 0 0 0 0.382683432365053 0.923879532511302
9.6 79.4912423989736 9.97033978719264 0 0 0 0.382683432365054 0.923879532511301
9.61 79.5619530770928 10.0410504648462 0 0 0 0.382683432365056 0.923879532511301
9.62 79.632663755212 10.1117611434311 0 0 0 0.382683432365057 0.9238795325113
9.63 79.7033744333312 10.1824718210846 0 0 0 0.382683432365058 0.9238795325113
9.64 79.7740851114504 10.2531824996695 0 0 0 0.382683432365059 0.9238795325113
9.65 79.8447957895696 10.323893177323 0 0 0 0.38268343236506 0.923879532511299
9.66 79.9155064676888 10.3946038559079 0 0 0 0.382683432365061 0.923879532511299
9.67 79.986217145808 10.4653145335615 0 0 0 0.382683432365061 0.923879532511299
9.68 80.0569278239273 10.5360252121463 0 0 0 0.382683432365062 0.923879532511298
9.69 80.1276385020465 10.6067358897999 0 0 0 0.382683432365063 0.923879532511298
9.7 80.1983491801657 10.6774465683848 0 0 0 0.382683432365063 0.923879532511298
9.71 80.2690598582849 10.7481572460383 0 0 0 0.382683432365064 0.923879532511298
9.72 80.3397705364041 10.8188679246232 0 0 0 0.382683432365064 0.923879532511298
9.73 80.4104812145233 10.8895786022767 0 0 0 0.382683432365064 0.923879532511297
9.74 80.4811918926425 10.9602892808616 0 0 0 0.382683432365065 0.923879532511297
9.75 80.5519025707617 11.0309999585152 0 0 0 0.382683432365065 0.923879532511297
9.76 80.622613248881 11.1017106371 0 0 0 0.382683432365066 0.923879532511297
9.77 80.6933239270002 11.1724213147536 0 0 0 0.382683432365066 0.923879532511297
9.78 80.7640346051194 11.2431319933385 0 0 0 0.382683432365066 0.923879532511296
9.79 80.8347452832386 11.313842670992 0 0 0 0.382683432365067 0.923879532511296
9.8 80.9054559613578 11.3845533495769 0 0 0 0.382683432365067 0.923879532511296
9.81 80.976166639477 11.4552640272304 0 0 0 0.382683432365067 0.923879532511296
9.82 81.0468773175962 11.5259747058153 0 0 0 0.382683432365067 0.923879532511296
9.83 81.1175879957154 11.5966853834689 0 0 0 0.382683432365067 0.923879532511296
9.84 81.1882986738347 11.6673960620537 0 0 0 0.382683432365067 0.923879532511296
9.85 81.2590093519539 11.7381067397073 0 0 0 0.382683432365067 0.923879532511296
9.86 81.3297200300731 11.8088174182922 0 0 0 0.382683432365067 0.923879532511296
9.87 81.4004307081923 11.8795280959457 0 0 0 0.382683432365067 0.923879532511296
9.88 81.4711413863115 11.9502387745306 0 0 0 0.382683432365067 0.923879532511296
9.89 81.5418520644307 12.0209494521841 0 0 0 0.382683432365067 0.923879532511296
9.9 81.6125627425499 12.091660130769 0 0 0 0.382683432365067 0.923879532511296
9.91 81.6832734206691 12.1623708084226 0 0 0 0.382683432365067 0.923879532511296
9.92 81.7539840987884 12.2330814870074 0 0 0 0.382683432365067 0.923879532511296
9.93 81.8246947769076 12.303792164661 0 0 0 0.382683432365067 0.923879532511296
9.94 81.8954054550268 12.3745028432459 0 0 0 0.382683432365067 0.923879532511296
9.95 81.966116133146 12.4452135208994 0 0 0 0.382683432365067 0.923879532511296
9.96 82.0368268112652 12.5159241994843 0 0 0 0.382683432365067 0.923879532511296
9.97 82.1075374893844 12.5866348771378 0 0 0 0.382683432365067 0.923879532511296
9.98 82.1782481675036 12.6573455557227 0 0 0 0.382683432365067 0.923879532511296
9.99 82.2489588456228 12.7280562333763 0 0 0 0.382683432365067 0.923879532511296
